Frame,X,Y
0,827,764
0,850,817
0,889,858
0,947,886
0,1008,907
0,1075,910
0,1139,896
0,1197,866
0,1250,832
0,1285,787
0,1302,733
0,953,749
0,989,719
0,1028,705
0,1053,710
0,1080,705
0,1119,716
0,1159,738
0,1120,759
0,1083,768
0,1056,771
0,1029,771
0,990,767
0,968,746
0,1028,728
0,1054,729
0,1081,727
0,1141,738
0,1081,746
0,1054,749
0,1028,749
0,1005,659
0,1027,667
0,1051,673
0,1074,664
0,1097,655
1,827,764
1,850,818
1,889,859
1,947,886
1,1009,908
1,1076,910
1,1140,895
1,1197,865
1,1250,831
1,1285,786
1,1302,732
1,953,749
1,989,719
1,1028,705
1,1054,710
1,1080,705
1,1119,716
1,1159,738
1,1120,759
1,1084,767
1,1056,770
1,1029,770
1,990,766
1,967,746
1,1029,727
1,1055,728
1,1081,726
1,1141,737
1,1082,744
1,1054,747
1,1028,748
1,1005,659
1,1027,667
1,1051,673
1,1075,664
1,1097,655
2,826,756
2,847,809
2,884,852
2,940,882
2,1002,905
2,1072,909
2,1138,894
2,1194,866
2,1245,833
2,1278,787
2,1292,732
2,953,746
2,988,717
2,1026,703
2,1051,708
2,1078,703
2,1116,713
2,1157,735
2,1118,755
2,1080,765
2,1053,767
2,1027,768
2,989,763
2,967,743
2,1027,725
2,1052,726
2,1079,724
2,1141,734
2,1079,741
2,1052,744
2,1026,744
2,1004,655
2,1025,663
2,1049,669
2,1073,660
2,1097,650
3,830,756
3,850,812
3,887,854
3,942,882
3,1003,903
3,1069,905
3,1134,892
3,1190,866
3,1241,835
3,1275,792
3,1293,736
3,951,745
3,988,714
3,1027,699
3,1052,703
3,1079,698
3,1119,710
3,1159,732
3,1119,753
3,1080,762
3,1053,765
3,1027,766
3,989,763
3,965,741
3,1027,724
3,1053,723
3,1080,721
3,1142,731
3,1079,739
3,1052,742
3,1026,744
3,1005,652
3,1027,660
3,1049,666
3,1073,657
3,1096,648
4,828,755
4,850,807
4,887,848
4,942,879
4,1003,900
4,1070,904
4,1134,890
4,1189,864
4,1238,831
4,1271,787
4,1290,732
4,952,744
4,988,713
4,1026,698
4,1052,701
4,1079,697
4,1117,708
4,1157,733
4,1117,753
4,1081,761
4,1053,764
4,1026,764
4,989,762
4,968,741
4,1027,723
4,1053,722
4,1080,721
4,1140,732
4,1079,735
4,1051,739
4,1026,740
4,1005,649
4,1028,658
4,1052,664
4,1076,656
4,1099,646
5,826,753
5,848,806
5,884,848
5,940,878
5,1001,900
5,1071,904
5,1136,891
5,1193,862
5,1243,830
5,1277,785
5,1293,730
5,952,744
5,986,711
5,1023,695
5,1049,700
5,1076,694
5,1114,707
5,1154,733
5,1115,752
5,1079,761
5,1051,764
5,1025,764
5,988,761
5,967,740
5,1025,722
5,1050,722
5,1077,720
5,1137,732
5,1077,735
5,1050,739
5,1024,740
5,1003,650
5,1026,658
5,1050,663
5,1074,654
5,1097,644
6,823,752
6,846,807
6,885,849
6,941,878
6,1002,901
6,1069,905
6,1132,891
6,1187,862
6,1239,830
6,1273,786
6,1291,732
6,951,744
6,987,713
6,1026,700
6,1052,704
6,1080,699
6,1118,709
6,1155,732
6,1117,751
6,1081,760
6,1053,764
6,1027,763
6,989,759
6,966,740
6,1027,721
6,1053,722
6,1080,719
6,1138,731
6,1080,739
6,1052,743
6,1026,743
6,1006,650
6,1029,657
6,1052,664
6,1076,656
6,1099,647
7,827,751
7,848,806
7,884,848
7,938,878
7,999,901
7,1067,906
7,1131,893
7,1188,866
7,1239,834
7,1274,791
7,1291,737
7,953,743
7,987,711
7,1025,696
7,1050,699
7,1076,695
7,1115,708
7,1155,732
7,1115,754
7,1077,763
7,1050,766
7,1025,766
7,987,762
7,967,740
7,1026,720
7,1051,720
7,1077,719
7,1138,732
7,1076,738
7,1049,741
7,1024,742
7,1005,650
7,1027,657
7,1050,663
7,1073,654
7,1096,645
8,830,756
8,851,809
8,887,850
8,940,880
8,998,906
8,1064,912
8,1128,899
8,1184,872
8,1235,840
8,1270,796
8,1289,743
8,953,741
8,987,709
8,1025,695
8,1051,698
8,1079,694
8,1119,707
8,1157,732
8,1118,758
8,1080,769
8,1051,772
8,1024,772
8,987,765
8,967,739
8,1026,718
8,1052,718
8,1079,717
8,1140,731
8,1079,745
8,1051,748
8,1024,748
8,1007,648
8,1028,656
8,1050,662
8,1073,654
8,1096,645
9,828,758
9,852,814
9,889,857
9,943,889
9,1001,916
9,1067,923
9,1129,909
9,1183,880
9,1235,847
9,1272,803
9,1295,749
9,957,743
9,988,708
9,1026,692
9,1051,696
9,1078,692
9,1117,705
9,1154,734
9,1119,768
9,1080,782
9,1053,784
9,1027,783
9,989,774
9,970,740
9,1027,717
9,1051,716
9,1077,715
9,1139,734
9,1079,751
9,1052,753
9,1027,753
9,1004,647
9,1024,654
9,1047,661
9,1071,652
9,1095,643
10,829,761
10,852,815
10,888,859
10,941,893
10,1000,921
10,1066,930
10,1131,917
10,1187,885
10,1237,845
10,1270,796
10,1288,740
10,956,744
10,986,708
10,1026,692
10,1051,696
10,1079,691
10,1120,705
10,1156,737
10,1122,775
10,1083,790
10,1054,793
10,1027,791
10,989,780
10,970,742
10,1026,715
10,1052,715
10,1080,714
10,1140,737
10,1081,760
10,1053,764
10,1027,762
10,1004,645
10,1026,654
10,1049,660
10,1074,651
10,1097,641
11,833,764
11,855,820
11,891,865
11,944,899
11,1002,927
11,1067,933
11,1130,919
11,1186,887
11,1237,849
11,1272,802
11,1290,747
11,957,750
11,985,708
11,1024,689
11,1050,692
11,1077,688
11,1118,702
11,1152,738
11,1121,774
11,1083,789
11,1054,793
11,1026,793
11,987,782
11,970,747
11,1025,715
11,1051,714
11,1078,713
11,1137,738
11,1080,757
11,1053,761
11,1025,760
11,1005,646
11,1026,652
11,1049,657
11,1072,648
11,1095,640
12,831,756
12,853,813
12,889,862
12,942,900
12,1002,929
12,1067,935
12,1131,919
12,1188,887
12,1241,849
12,1278,801
12,1298,743
12,957,749
12,984,706
12,1023,688
12,1050,692
12,1078,687
12,1120,703
12,1152,741
12,1122,782
12,1082,799
12,1052,803
12,1024,802
12,985,788
12,970,745
12,1024,711
12,1050,711
12,1079,709
12,1137,740
12,1081,774
12,1051,778
12,1023,777
12,1004,642
12,1025,650
12,1047,656
12,1071,647
12,1094,639
13,837,769
13,860,824
13,896,870
13,949,905
13,1006,931
13,1070,935
13,1133,920
13,1187,887
13,1237,849
13,1270,801
13,1290,746
13,956,747
13,982,705
13,1023,687
13,1050,690
13,1078,686
13,1119,701
13,1152,739
13,1122,779
13,1083,797
13,1053,801
13,1024,799
13,984,785
13,967,744
13,1024,709
13,1051,709
13,1079,708
13,1137,739
13,1081,769
13,1051,773
13,1023,773
13,1005,640
13,1025,647
13,1048,653
13,1072,644
13,1095,636
14,835,766
14,858,820
14,893,866
14,944,901
14,1001,929
14,1063,935
14,1125,922
14,1181,891
14,1233,853
14,1269,804
14,1290,748
14,957,747
14,983,700
14,1022,680
14,1048,683
14,1074,678
14,1118,696
14,1151,738
14,1121,780
14,1079,800
14,1050,803
14,1022,802
14,984,787
14,969,745
14,1023,706
14,1048,706
14,1075,705
14,1137,737
14,1077,769
14,1049,772
14,1022,771
14,1003,640
14,1024,646
14,1047,651
14,1071,643
14,1093,634
15,833,762
15,855,818
15,891,865
15,943,902
15,1001,929
15,1064,935
15,1127,921
15,1182,890
15,1234,852
15,1272,806
15,1295,750
15,956,748
15,982,699
15,1022,679
15,1048,682
15,1077,678
15,1119,696
15,1149,741
15,1121,781
15,1081,801
15,1051,804
15,1022,804
15,983,789
15,968,745
15,1023,705
15,1049,704
15,1078,703
15,1135,740
15,1079,771
15,1050,775
15,1022,775
15,1004,635
15,1026,643
15,1049,649
15,1073,641
15,1096,633
16,832,759
16,852,815
16,885,862
16,934,899
16,993,929
16,1057,938
16,1121,924
16,1176,893
16,1225,856
16,1260,810
16,1279,753
16,954,748
16,982,699
16,1022,679
16,1048,682
16,1075,678
16,1117,695
16,1147,739
16,1118,778
16,1079,797
16,1050,801
16,1022,800
16,982,786
16,967,744
16,1022,704
16,1048,704
16,1076,703
16,1132,739
16,1078,766
16,1049,770
16,1022,769
16,1003,635
16,1024,641
16,1046,647
16,1070,639
16,1094,630
17,836,762
17,858,818
17,893,865
17,944,903
17,1001,932
17,1064,937
17,1126,921
17,1181,890
17,1233,852
17,1270,805
17,1293,750
17,955,749
17,982,697
17,1023,676
17,1048,679
17,1076,676
17,1118,695
17,1150,740
17,1120,783
17,1080,803
17,1050,807
17,1023,806
17,983,791
17,967,745
17,1024,703
17,1048,701
17,1077,701
17,1135,739
17,1079,774
17,1049,778
17,1023,778
17,1004,632
17,1027,640
17,1050,645
17,1073,638
17,1096,631
18,839,773
18,862,828
18,897,874
18,947,909
18,1003,936
18,1065,941
18,1124,925
18,1178,894
18,1226,856
18,1259,808
18,1280,752
18,954,750
18,980,699
18,1022,678
18,1048,681
18,1077,677
18,1120,695
18,1151,739
18,1121,782
18,1081,802
18,1050,807
18,1022,807
18,981,794
18,967,746
18,1023,704
18,1049,703
18,1077,702
18,1135,738
18,1079,774
18,1049,779
18,1022,779
18,1004,632
18,1025,639
18,1047,645
18,1070,636
18,1091,627
19,837,765
19,861,820
19,895,865
19,943,904
19,1000,933
19,1062,941
19,1124,926
19,1176,895
19,1223,857
19,1258,812
19,1283,757
19,955,752
19,982,699
19,1025,678
19,1050,681
19,1077,677
19,1120,695
19,1150,739
19,1121,782
19,1081,802
19,1051,806
19,1024,807
19,983,795
19,968,747
19,1025,702
19,1050,701
19,1078,700
19,1134,738
19,1079,774
19,1050,779
19,1024,780
19,1005,632
19,1027,639
19,1050,645
19,1074,637
19,1097,630
20,831,759
20,851,815
20,884,863
20,933,902
20,992,935
20,1055,945
20,1118,930
20,1173,899
20,1224,862
20,1262,818
20,1287,762
20,954,746
20,984,698
20,1026,678
20,1051,681
20,1079,678
20,1122,695
20,1157,736
20,1123,781
20,1081,801
20,1051,806
20,1023,806
20,982,793
20,967,743
20,1026,703
20,1051,702
20,1079,701
20,1141,737
20,1080,773
20,1050,777
20,1024,776
20,1006,632
20,1027,640
20,1050,646
20,1074,637
20,1096,630
21,837,774
21,861,830
21,896,877
21,948,913
21,1004,941
21,1066,946
21,1127,929
21,1183,898
21,1234,861
21,1272,815
21,1294,758
21,953,751
21,980,700
21,1023,679
21,1050,682
21,1079,678
21,1123,695
21,1156,737
21,1125,782
21,1083,803
21,1052,808
21,1022,809
21,981,795
21,966,746
21,1024,703
21,1051,701
21,1079,700
21,1141,736
21,1081,778
21,1051,782
21,1023,784
21,1004,634
21,1026,642
21,1049,647
21,1073,639
21,1096,631
22,830,757
22,854,816
22,889,866
22,940,906
22,998,937
22,1063,944
22,1127,926
22,1184,894
22,1236,853
22,1274,805
22,1300,749
22,951,747
22,980,699
22,1024,678
22,1050,681
22,1078,678
22,1121,695
22,1154,737
22,1122,782
22,1081,802
22,1051,806
22,1022,806
22,981,792
22,965,743
22,1024,703
22,1050,702
22,1078,701
22,1138,736
22,1080,773
22,1050,777
22,1023,776
22,1004,635
22,1026,641
22,1049,647
22,1074,639
22,1098,630
23,834,765
23,857,823
23,891,871
23,942,908
23,1001,934
23,1066,940
23,1130,923
23,1188,893
23,1239,854
23,1272,805
23,1292,749
23,953,747
23,982,700
23,1023,681
23,1050,685
23,1080,681
23,1122,696
23,1158,737
23,1125,778
23,1083,796
23,1052,800
23,1022,799
23,982,786
23,967,742
23,1023,703
23,1050,703
23,1080,702
23,1141,735
23,1082,767
23,1051,771
23,1022,770
23,1004,635
23,1025,642
23,1049,648
23,1074,640
23,1098,631
24,833,762
24,856,820
24,891,867
24,943,903
24,1001,929
24,1066,937
24,1131,921
24,1188,891
24,1241,854
24,1278,807
24,1300,750
24,955,744
24,983,699
24,1022,681
24,1048,685
24,1076,680
24,1119,696
24,1155,737
24,1121,775
24,1080,792
24,1051,796
24,1023,794
24,985,781
24,968,740
24,1023,704
24,1049,705
24,1077,704
24,1139,735
24,1078,762
24,1050,765
24,1023,764
24,1004,635
24,1025,642
24,1048,648
24,1072,639
24,1094,630
25,834,760
25,856,817
25,890,863
25,942,898
25,1002,923
25,1068,929
25,1133,914
25,1192,885
25,1243,849
25,1281,802
25,1302,745
25,956,739
25,987,698
25,1028,680
25,1052,684
25,1079,680
25,1121,696
25,1158,731
25,1123,771
25,1082,787
25,1054,790
25,1027,789
25,989,777
25,972,735
25,1029,704
25,1052,703
25,1079,703
25,1141,731
25,1081,758
25,1053,761
25,1028,760
25,1006,635
25,1027,642
25,1050,649
25,1075,640
25,1099,632
26,838,764
26,859,819
26,894,864
26,945,897
26,1004,922
26,1070,927
26,1134,911
26,1190,880
26,1239,842
26,1272,794
26,1289,738
26,956,740
26,988,697
26,1029,679
26,1054,683
26,1080,680
26,1121,696
26,1156,732
26,1124,767
26,1084,782
26,1056,785
26,1029,784
26,990,773
26,972,735
26,1030,705
26,1054,705
26,1081,704
26,1139,731
26,1082,752
26,1054,755
26,1029,753
26,1007,635
26,1029,643
26,1051,649
26,1075,640
26,1098,632
27,833,754
27,854,810
27,888,855
27,940,890
27,999,915
27,1066,923
27,1131,909
27,1189,881
27,1239,844
27,1271,795
27,1288,737
27,955,739
27,988,698
27,1027,680
27,1053,683
27,1080,678
27,1122,694
27,1158,730
27,1123,766
27,1083,780
27,1054,783
27,1027,782
27,989,771
27,969,735
27,1028,704
27,1053,703
27,1081,702
27,1142,729
27,1081,751
27,1053,753
27,1027,752
27,1005,636
27,1027,643
27,1049,649
27,1073,640
27,1096,632
28,833,755
28,854,810
28,889,856
28,943,891
28,1002,914
28,1067,921
28,1129,907
28,1184,879
28,1233,844
28,1266,798
28,1286,743
28,959,736
28,990,695
28,1029,677
28,1054,680
28,1083,677
28,1124,694
28,1158,728
28,1124,766
28,1085,781
28,1056,784
28,1028,782
28,991,771
28,974,732
28,1030,703
28,1055,702
28,1083,702
28,1141,728
28,1084,750
28,1055,753
28,1029,753
28,1006,633
28,1029,642
28,1053,649
28,1078,640
28,1102,631
29,832,755
29,853,812
29,890,859
29,943,894
29,1002,919
29,1066,926
29,1127,912
29,1181,883
29,1230,846
29,1265,802
29,1286,747
29,955,738
29,987,693
29,1026,674
29,1051,676
29,1079,672
29,1121,689
29,1156,726
29,1124,764
29,1084,782
29,1055,785
29,1027,784
29,988,771
29,970,733
29,1027,699
29,1052,698
29,1080,697
29,1140,725
29,1082,750
29,1053,754
29,1026,754
29,1005,634
29,1027,642
29,1050,649
29,1074,640
29,1098,632
30,836,760
30,858,815
30,892,862
30,944,896
30,1003,923
30,1069,929
30,1132,914
30,1187,884
30,1236,846
30,1270,798
30,1287,742
30,959,737
30,988,689
30,1027,671
30,1055,674
30,1086,670
30,1128,685
30,1158,726
30,1129,766
30,1089,784
30,1057,788
30,1026,787
30,988,773
30,973,732
30,1027,696
30,1055,696
30,1086,694
30,1142,724
30,1087,752
30,1055,757
30,1026,755
30,1006,632
30,1029,641
30,1053,648
30,1079,638
30,1102,629
31,835,758
31,856,813
31,888,859
31,940,896
31,999,927
31,1066,934
31,1132,918
31,1188,888
31,1239,851
31,1275,805
31,1293,748
31,958,737
31,984,686
31,1025,666
31,1053,670
31,1085,664
31,1127,681
31,1156,725
31,1128,766
31,1087,785
31,1054,789
31,1023,789
31,984,775
31,972,732
31,1025,693
31,1054,693
31,1085,690
31,1141,722
31,1086,750
31,1053,755
31,1023,754
31,1005,633
31,1026,641
31,1050,648
31,1075,637
31,1098,628
32,835,752
32,856,808
32,891,855
32,943,892
32,1002,922
32,1067,929
32,1130,915
32,1185,884
32,1235,846
32,1270,799
32,1290,744
32,959,730
32,986,683
32,1027,666
32,1056,670
32,1088,664
32,1132,680
32,1162,722
32,1133,766
32,1092,788
32,1057,793
32,1026,792
32,986,775
32,974,726
32,1027,691
32,1056,691
32,1089,688
32,1146,720
32,1091,753
32,1056,758
32,1026,757
32,1007,632
32,1030,641
32,1054,649
32,1080,639
32,1104,629
33,842,755
33,864,811
33,898,857
33,951,891
33,1011,917
33,1077,922
33,1140,905
33,1196,874
33,1246,837
33,1279,790
33,1297,734
33,962,731
33,988,683
33,1026,667
33,1056,671
33,1089,664
33,1130,679
33,1160,720
33,1132,758
33,1093,777
33,1059,782
33,1027,781
33,990,765
33,975,726
33,1027,691
33,1057,691
33,1090,687
33,1143,717
33,1091,744
33,1057,750
33,1027,748
33,1007,632
33,1030,640
33,1054,648
33,1080,638
33,1104,628
34,833,751
34,856,805
34,893,852
34,947,886
34,1010,913
34,1078,919
34,1140,904
34,1193,873
34,1240,837
34,1272,791
34,1291,737
34,963,723
34,992,680
34,1031,665
34,1060,668
34,1093,663
34,1135,676
34,1167,714
34,1137,753
34,1098,772
34,1064,776
34,1033,775
34,993,759
34,977,719
34,1033,692
34,1061,692
34,1094,689
34,1150,713
34,1096,739
34,1062,744
34,1032,742
34,1009,631
34,1032,640
34,1057,649
34,1083,638
34,1107,628
35,831,746
35,852,801
35,888,847
35,942,882
35,1003,909
35,1070,917
35,1133,902
35,1188,872
35,1236,836
35,1269,790
35,1289,736
35,958,721
35,990,682
35,1030,667
35,1059,671
35,1091,665
35,1133,677
35,1165,711
35,1135,752
35,1095,771
35,1062,776
35,1031,774
35,991,759
35,973,718
35,1031,692
35,1059,692
35,1091,689
35,1149,711
35,1094,739
35,1061,744
35,1031,743
35,1008,631
35,1031,641
35,1056,649
35,1082,638
35,1107,628
36,838,757
36,862,811
36,900,855
36,956,886
36,1014,911
36,1079,915
36,1140,900
36,1193,871
36,1242,836
36,1274,790
36,1292,736
36,964,726
36,994,683
36,1035,666
36,1062,669
36,1092,664
36,1135,677
36,1168,713
36,1138,752
36,1097,771
36,1066,775
36,1036,775
36,996,762
36,979,722
36,1035,689
36,1062,689
36,1092,686
36,1152,711
36,1096,745
36,1064,749
36,1036,749
36,1011,632
36,1033,641
36,1057,648
36,1082,638
36,1105,629
37,841,762
37,866,815
37,904,856
37,958,886
37,1015,909
37,1079,913
37,1141,898
37,1192,868
37,1238,834
37,1272,790
37,1293,736
37,959,728
37,991,682
37,1033,666
37,1064,668
37,1096,664
37,1138,677
37,1171,713
37,1140,754
37,1100,773
37,1065,778
37,1033,778
37,992,766
37,971,723
37,1034,688
37,1064,689
37,1097,685
37,1156,710
37,1098,749
37,1064,755
37,1032,755
37,1012,632
37,1034,640
37,1059,647
37,1083,637
37,1107,627
38,838,764
38,864,816
38,904,858
38,961,888
38,1019,911
38,1081,916
38,1140,902
38,1192,873
38,1240,839
38,1274,793
38,1293,738
38,958,727
38,990,682
38,1032,666
38,1063,670
38,1096,664
38,1138,676
38,1170,712
38,1142,757
38,1102,778
38,1067,783
38,1033,782
38,991,768
38,971,724
38,1033,688
38,1064,689
38,1097,685
38,1155,711
38,1099,755
38,1065,760
38,1032,759
38,1009,632
38,1033,641
38,1058,649
38,1083,638
38,1105,627
39,841,763
39,867,816
39,907,857
39,962,887
39,1019,911
39,1082,917
39,1141,903
39,1192,873
39,1242,839
39,1278,794
39,1296,740
39,962,726
39,991,682
39,1033,668
39,1063,671
39,1096,665
39,1138,676
39,1169,714
39,1143,761
39,1102,782
39,1068,787
39,1035,786
39,993,770
39,975,722
39,1034,691
39,1064,691
39,1097,687
39,1153,712
39,1099,756
39,1065,762
39,1033,760
39,1012,631
39,1035,641
39,1061,649
39,1086,638
39,1109,628
40,837,758
40,863,812
40,903,855
40,957,887
40,1014,914
40,1075,922
40,1133,908
40,1185,877
40,1236,842
40,1271,794
40,1293,739
40,965,734
40,992,687
40,1032,671
40,1062,675
40,1090,669
40,1130,681
40,1160,726
40,1134,772
40,1095,791
40,1065,795
40,1033,794
40,993,778
40,978,729
40,1032,695
40,1062,696
40,1090,694
40,1144,723
40,1094,761
40,1064,766
40,1032,764
40,1015,635
40,1036,643
40,1059,649
40,1082,641
40,1105,632
41,836,757
41,860,812
41,900,855
41,957,887
41,1016,915
41,1078,923
41,1139,908
41,1194,875
41,1244,837
41,1276,787
41,1293,731
41,966,735
41,994,690
41,1033,673
41,1062,677
41,1089,672
41,1127,687
41,1158,730
41,1130,772
41,1094,790
41,1065,793
41,1034,791
41,994,775
41,981,730
41,1034,698
41,1063,699
41,1089,697
41,1140,726
41,1092,760
41,1064,763
41,1033,760
41,1018,637
41,1038,643
41,1060,649
41,1081,641
41,1102,632
42,833,752
42,857,806
42,895,850
42,948,883
42,1004,912
42,1064,924
42,1124,912
42,1178,881
42,1229,844
42,1265,794
42,1287,738
42,965,738
42,992,693
42,1029,676
42,1057,680
42,1082,676
42,1121,692
42,1152,736
42,1123,777
42,1087,795
42,1059,797
42,1029,793
42,993,774
42,981,733
42,1030,702
42,1058,703
42,1083,703
42,1133,731
42,1085,760
42,1058,762
42,1029,758
42,1015,639
42,1034,646
42,1056,653
42,1077,646
42,1099,637
43,841,753
43,866,808
43,904,854
43,957,886
43,1011,913
43,1070,922
43,1127,909
43,1180,879
43,1232,843
43,1270,796
43,1293,741
43,975,749
43,999,700
43,1035,678
43,1059,682
43,1080,676
43,1117,694
43,1146,739
43,1121,778
43,1088,795
43,1063,798
43,1037,797
43,1003,784
43,990,744
43,1035,704
43,1059,703
43,1081,702
43,1128,734
43,1085,761
43,1062,764
43,1037,763
43,1017,640
43,1036,646
43,1057,651
43,1077,644
43,1098,636
44,836,750
44,859,803
44,895,850
44,949,886
44,1005,916
44,1065,926
44,1123,913
44,1178,882
44,1230,844
44,1266,797
44,1288,742
44,973,744
44,999,696
44,1033,677
44,1056,681
44,1081,676
44,1119,695
44,1146,740
44,1120,778
44,1086,796
44,1058,799
44,1033,796
44,1000,779
44,989,738
44,1034,701
44,1057,702
44,1082,701
44,1128,735
44,1084,760
44,1058,763
44,1033,761
44,1017,637
44,1036,643
44,1057,648
44,1078,642
44,1097,636
45,836,751
45,861,805
45,899,852
45,950,889
45,1006,919
45,1064,929
45,1122,916
45,1176,883
45,1227,844
45,1265,796
45,1289,742
45,975,748
45,998,699
45,1031,677
45,1055,681
45,1077,676
45,1113,696
45,1139,743
45,1115,779
45,1082,796
45,1058,800
45,1032,797
45,1001,782
45,992,742
45,1032,705
45,1056,705
45,1077,705
45,1121,738
45,1080,761
45,1057,764
45,1032,761
45,1016,640
45,1035,644
45,1055,649
45,1075,643
45,1096,636
46,835,755
46,859,810
46,895,857
46,947,896
46,1003,926
46,1060,937
46,1119,923
46,1173,891
46,1223,854
46,1261,806
46,1284,752
46,977,752
46,998,702
46,1031,675
46,1054,680
46,1073,674
46,1109,697
46,1138,746
46,1111,785
46,1080,804
46,1058,808
46,1033,806
46,1002,788
46,994,746
46,1032,707
46,1054,706
46,1074,706
46,1120,742
46,1078,766
46,1057,770
46,1033,767
46,1017,641
46,1036,645
46,1055,648
46,1075,644
46,1096,638
47,839,757
47,861,812
47,897,860
47,950,899
47,1008,930
47,1067,939
47,1125,925
47,1180,892
47,1229,852
47,1265,804
47,1288,750
47,981,755
47,1001,702
47,1033,675
47,1054,678
47,1073,674
47,1106,699
47,1132,751
47,1107,787
47,1077,804
47,1056,807
47,1032,805
47,1003,788
47,998,748
47,1034,707
47,1054,706
47,1073,707
47,1112,747
47,1075,766
47,1055,768
47,1033,766
47,1019,640
47,1037,645
47,1057,648
47,1075,643
47,1093,638
48,842,754
48,864,808
48,897,857
48,946,897
48,1003,930
48,1061,941
48,1120,928
48,1176,895
48,1226,853
48,1261,805
48,1282,749
48,984,760
48,1003,708
48,1031,681
48,1053,684
48,1070,679
48,1101,703
48,1125,754
48,1103,786
48,1076,804
48,1056,808
48,1033,806
48,1006,791
48,1001,753
48,1032,712
48,1053,710
48,1071,711
48,1106,749
48,1074,764
48,1055,767
48,1033,765
48,1019,642
48,1036,647
48,1055,651
48,1073,645
48,1090,638
49,839,759
49,862,814
49,897,862
49,947,900
49,1004,932
49,1063,942
49,1122,928
49,1179,895
49,1231,857
49,1269,810
49,1293,755
49,987,760
49,1006,710
49,1036,684
49,1054,688
49,1071,683
49,1102,707
49,1126,756
49,1102,784
49,1075,799
49,1056,803
49,1035,802
49,1008,788
49,1003,753
49,1037,714
49,1055,713
49,1071,713
49,1107,751
49,1073,760
49,1055,763
49,1036,762
49,1020,640
49,1037,645
49,1057,649
49,1076,644
49,1095,637
50,837,755
50,859,810
50,894,856
50,945,894
50,1002,926
50,1062,937
50,1121,924
50,1178,891
50,1228,852
50,1264,804
50,1284,746
50,986,758
50,1008,710
50,1038,686
50,1055,689
50,1070,685
50,1099,708
50,1123,756
50,1099,780
50,1073,792
50,1056,795
50,1037,793
50,1010,781
50,1004,752
50,1038,717
50,1055,716
50,1070,717
50,1103,750
50,1071,753
50,1056,755
50,1038,753
50,1019,641
50,1036,646
50,1056,650
50,1074,645
50,1092,638
51,838,754
51,860,807
51,893,852
51,943,889
51,1001,919
51,1062,929
51,1120,917
51,1175,888
51,1226,850
51,1262,803
51,1283,749
51,989,754
51,1011,709
51,1041,685
51,1059,688
51,1075,684
51,1102,707
51,1124,752
51,1101,770
51,1077,780
51,1059,783
51,1039,781
51,1013,772
51,1006,748
51,1041,716
51,1059,715
51,1075,716
51,1104,747
51,1075,739
51,1059,741
51,1040,740
51,1022,639
51,1038,645
51,1056,650
51,1075,643
51,1094,635
52,836,744
52,857,800
52,890,846
52,942,882
52,1001,911
52,1063,922
52,1124,910
52,1182,879
52,1233,841
52,1271,794
52,1294,738
52,988,752
52,1010,707
52,1038,681
52,1057,686
52,1074,681
52,1103,705
52,1124,753
52,1101,769
52,1076,778
52,1058,779
52,1037,777
52,1012,769
52,1007,746
52,1039,716
52,1058,714
52,1074,716
52,1104,748
52,1075,737
52,1058,738
52,1038,737
52,1021,638
52,1037,644
52,1057,649
52,1077,643
52,1097,635
53,836,751
53,857,805
53,892,849
53,944,882
53,1003,908
53,1065,917
53,1127,906
53,1184,878
53,1234,842
53,1267,794
53,1287,738
53,986,750
53,1009,704
53,1036,681
53,1057,685
53,1074,679
53,1103,700
53,1128,749
53,1104,760
53,1078,768
53,1059,770
53,1038,768
53,1011,762
53,1005,743
53,1037,710
53,1058,710
53,1075,710
53,1107,741
53,1076,729
53,1059,730
53,1038,730
53,1018,636
53,1037,643
53,1057,648
53,1078,642
53,1098,633
54,838,740
54,859,795
54,893,841
54,945,875
54,1004,904
54,1069,914
54,1133,901
54,1190,873
54,1242,839
54,1279,793
54,1300,738
54,983,738
54,1006,694
54,1037,673
54,1059,677
54,1079,672
54,1115,690
54,1143,734
54,1116,757
54,1085,766
54,1063,768
54,1040,767
54,1009,757
54,1001,731
54,1039,700
54,1060,699
54,1080,699
54,1123,729
54,1083,733
54,1062,735
54,1039,734
54,1016,631
54,1035,637
54,1057,642
54,1080,636
54,1104,628
55,840,758
55,866,812
55,905,854
55,961,883
55,1017,909
55,1077,917
55,1136,903
55,1189,873
55,1239,838
55,1274,791
55,1294,738
55,974,730
55,1001,685
55,1038,667
55,1064,670
55,1088,664
55,1127,680
55,1155,725
55,1129,763
55,1094,780
55,1068,783
55,1039,781
55,1003,766
55,989,725
55,1039,690
55,1065,690
55,1089,688
55,1138,721
55,1091,753
55,1066,755
55,1039,753
55,1017,629
55,1037,637
55,1061,643
55,1084,634
55,1107,625
56,838,754
56,864,808
56,904,851
56,961,882
56,1020,907
56,1083,915
56,1141,900
56,1193,869
56,1244,835
56,1277,789
56,1296,735
56,971,724
56,997,681
56,1037,665
56,1066,668
56,1094,661
56,1136,674
56,1165,717
56,1140,759
56,1101,778
56,1072,782
56,1040,781
56,1000,765
56,986,720
56,1039,686
56,1067,686
56,1095,683
56,1148,713
56,1099,753
56,1069,757
56,1039,756
56,1018,625
56,1039,634
56,1063,641
56,1087,632
56,1110,622
57,838,754
57,864,808
57,904,851
57,959,884
57,1017,909
57,1078,916
57,1137,902
57,1189,873
57,1237,838
57,1273,793
57,1293,740
57,972,730
57,999,682
57,1041,664
57,1067,667
57,1093,661
57,1135,675
57,1166,719
57,1139,766
57,1101,785
57,1072,788
57,1043,788
57,1002,774
57,985,726
57,1042,687
57,1068,688
57,1094,685
57,1152,717
57,1098,756
57,1071,760
57,1043,759
57,1021,626
57,1042,633
57,1065,639
57,1088,631
57,1111,622
58,837,753
58,864,807
58,905,852
58,961,883
58,1020,909
58,1080,916
58,1137,902
58,1189,872
58,1239,836
58,1275,789
58,1297,733
58,975,733
58,1003,688
58,1042,669
58,1067,673
58,1092,667
58,1131,683
58,1158,729
58,1135,768
58,1099,785
58,1072,788
58,1044,787
58,1006,773
58,988,728
58,1043,690
58,1068,691
58,1093,688
58,1143,725
58,1096,758
58,1070,763
58,1043,761
58,1022,629
58,1042,636
58,1065,642
58,1087,634
58,1109,626
59,846,753
59,870,809
59,908,853
59,962,884
59,1019,908
59,1080,916
59,1138,902
59,1190,873
59,1238,835
59,1272,790
59,1291,735
59,974,732
59,999,683
59,1037,665
59,1065,668
59,1091,663
59,1132,680
59,1162,728
59,1137,769
59,1099,788
59,1070,790
59,1040,788
59,1002,771
59,988,727
59,1038,691
59,1066,691
59,1092,690
59,1148,723
59,1096,758
59,1068,761
59,1039,758
59,1021,630
59,1041,637
59,1062,643
59,1085,635
59,1107,627
60,840,754
60,866,808
60,906,853
60,962,884
60,1021,911
60,1083,918
60,1141,902
60,1194,870
60,1243,832
60,1275,784
60,1294,729
60,977,735
60,1002,688
60,1038,669
60,1066,673
60,1089,666
60,1127,683
60,1155,728
60,1133,771
60,1098,788
60,1072,791
60,1042,789
60,1006,774
60,993,731
60,1040,694
60,1067,694
60,1091,693
60,1138,724
60,1094,756
60,1069,759
60,1041,757
60,1021,633
60,1041,640
60,1063,646
60,1084,637
60,1105,628
61,837,738
61,861,794
61,899,841
61,952,877
61,1010,908
61,1071,919
61,1131,906
61,1185,875
61,1235,838
61,1273,793
61,1299,740
61,978,735
61,1005,690
61,1040,670
61,1065,675
61,1090,670
61,1128,687
61,1156,733
61,1131,771
61,1096,788
61,1068,790
61,1042,788
61,1008,770
61,994,730
61,1041,696
61,1065,696
61,1090,695
61,1140,728
61,1094,756
61,1067,758
61,1042,756
61,1025,634
61,1042,640
61,1062,646
61,1084,640
61,1107,634
62,838,746
62,862,801
62,901,848
62,957,883
62,1015,912
62,1074,922
62,1133,908
62,1189,876
62,1241,837
62,1280,790
62,1303,734
62,980,739
62,1007,692
62,1040,671
62,1064,675
62,1087,671
62,1123,690
62,1152,736
62,1125,772
62,1091,788
62,1066,790
62,1040,787
62,1009,770
62,998,734
62,1041,699
62,1065,699
62,1087,699
62,1134,732
62,1089,753
62,1065,755
62,1040,752
62,1027,637
62,1044,641
62,1063,646
62,1082,641
62,1102,635
63,836,746
63,860,801
63,898,844
63,952,879
63,1009,910
63,1067,921
63,1124,910
63,1177,879
63,1228,842
63,1264,795
63,1287,741
63,983,740
63,1006,695
63,1038,673
63,1059,676
63,1079,672
63,1114,692
63,1142,736
63,1117,767
63,1085,782
63,1063,784
63,1039,782
63,1009,767
63,1000,734
63,1039,701
63,1060,700
63,1080,700
63,1125,730
63,1083,745
63,1062,747
63,1039,746
63,1023,637
63,1040,643
63,1060,648
63,1079,642
63,1100,635
64,841,750
64,863,806
64,897,852
64,950,886
64,1007,913
64,1066,924
64,1124,913
64,1178,885
64,1229,849
64,1264,803
64,1287,749
64,991,749
64,1011,699
64,1042,673
64,1062,677
64,1079,674
64,1111,699
64,1134,751
64,1110,775
64,1081,787
64,1062,789
64,1041,786
64,1013,773
64,1008,744
64,1043,705
64,1062,704
64,1079,706
64,1116,746
64,1080,752
64,1062,753
64,1042,751
64,1027,637
64,1043,643
64,1062,648
64,1080,643
64,1098,635
65,839,749
65,861,802
65,896,848
65,950,884
65,1009,910
65,1067,919
65,1124,906
65,1178,877
65,1230,842
65,1264,796
65,1285,741
65,988,743
65,1012,699
65,1044,677
65,1061,681
65,1078,677
65,1108,699
65,1132,742
65,1106,765
65,1080,776
65,1061,778
65,1041,776
65,1011,764
65,1005,737
65,1044,706
65,1062,706
65,1078,707
65,1112,737
65,1079,739
65,1061,741
65,1043,739
65,1025,637
65,1042,643
65,1062,647
65,1081,642
65,1101,636
66,841,744
66,863,799
66,898,846
66,952,883
66,1013,913
66,1076,920
66,1137,904
66,1192,872
66,1242,833
66,1274,786
66,1293,729
66,995,749
66,1018,704
66,1047,680
66,1065,685
66,1081,681
66,1109,704
66,1130,744
66,1108,764
66,1083,773
66,1066,776
66,1047,775
66,1020,767
66,1012,743
66,1048,709
66,1065,709
66,1081,710
66,1112,740
66,1082,736
66,1065,737
66,1047,737
66,1030,636
66,1047,641
66,1067,644
66,1086,639
66,1105,633
67,842,753
67,866,808
67,902,853
67,953,888
67,1011,916
67,1072,925
67,1132,911
67,1186,880
67,1235,841
67,1268,793
67,1289,736
67,993,751
67,1016,707
67,1047,685
67,1065,687
67,1081,683
67,1109,703
67,1131,746
67,1109,769
67,1084,781
67,1066,784
67,1047,783
67,1018,774
67,1009,746
67,1048,711
67,1065,710
67,1081,710
67,1113,741
67,1082,750
67,1065,752
67,1047,753
67,1025,638
67,1042,644
67,1063,648
67,1082,642
67,1101,634
68,839,753
68,862,806
68,897,852
68,950,888
68,1009,915
68,1069,923
68,1128,911
68,1184,883
68,1234,846
68,1268,798
68,1289,741
68,990,753
68,1014,705
68,1044,683
68,1063,686
68,1080,683
68,1109,705
68,1134,753
68,1107,771
68,1080,779
68,1062,780
68,1041,778
68,1015,771
68,1008,747
68,1044,713
68,1063,713
68,1080,715
68,1115,748
68,1079,742
68,1062,742
68,1042,741
68,1024,641
68,1042,648
68,1063,653
68,1083,646
68,1103,639
69,842,756
69,863,811
69,896,855
69,948,891
69,1006,918
69,1067,927
69,1127,913
69,1183,883
69,1232,848
69,1267,803
69,1286,747
69,984,750
69,1010,703
69,1042,683
69,1063,686
69,1083,684
69,1114,704
69,1140,751
69,1113,770
69,1084,779
69,1063,781
69,1041,779
69,1011,769
69,1001,744
69,1043,711
69,1064,711
69,1083,712
69,1122,745
69,1083,746
69,1063,747
69,1042,745
69,1026,641
69,1044,646
69,1065,652
69,1084,646
69,1104,640
70,840,752
70,862,808
70,896,855
70,949,889
70,1008,915
70,1072,923
70,1133,909
70,1188,879
70,1239,843
70,1272,795
70,1292,740
70,977,743
70,1004,700
70,1040,679
70,1063,683
70,1085,679
70,1118,698
70,1143,742
70,1116,767
70,1085,778
70,1062,780
70,1037,778
70,1004,768
70,992,737
70,1040,707
70,1063,706
70,1084,707
70,1126,736
70,1085,744
70,1062,745
70,1039,744
70,1025,639
70,1043,645
70,1063,650
70,1084,644
70,1105,636
71,841,761
71,865,815
71,902,860
71,955,891
71,1012,918
71,1076,926
71,1138,912
71,1195,882
71,1247,848
71,1284,803
71,1306,749
71,975,742
71,1004,698
71,1040,679
71,1064,684
71,1087,679
71,1122,697
71,1153,739
71,1122,766
71,1088,777
71,1064,779
71,1038,778
71,1004,768
71,991,736
71,1040,703
71,1064,703
71,1087,703
71,1135,734
71,1087,746
71,1063,748
71,1038,746
71,1020,635
71,1039,642
71,1062,648
71,1085,641
71,1107,631
72,841,764
72,866,820
72,904,863
72,961,896
72,1019,922
72,1083,927
72,1145,911
72,1203,879
72,1256,843
72,1293,797
72,1315,740
72,972,742
72,1001,698
72,1038,678
72,1063,681
72,1087,677
72,1126,697
72,1159,737
72,1126,769
72,1089,778
72,1063,781
72,1037,780
72,1002,772
72,987,737
72,1039,703
72,1064,703
72,1087,704
72,1141,734
72,1087,744
72,1063,746
72,1037,745
72,1018,635
72,1039,641
72,1063,646
72,1087,639
72,1110,632
73,845,765
73,869,821
73,907,863
73,962,896
73,1019,923
73,1080,931
73,1137,916
73,1189,885
73,1238,848
73,1272,801
73,1292,745
73,966,738
73,997,698
73,1037,683
73,1065,686
73,1092,682
73,1131,698
73,1161,737
73,1134,775
73,1096,792
73,1067,795
73,1037,792
73,998,778
73,980,735
73,1037,701
73,1066,703
73,1092,702
73,1146,735
73,1094,768
73,1066,771
73,1036,769
73,1022,635
73,1042,642
73,1064,649
73,1086,641
73,1107,632
74,841,771
74,867,825
74,907,865
74,962,898
74,1018,926
74,1079,935
74,1137,920
74,1189,887
74,1237,849
74,1272,804
74,1292,748
74,963,738
74,996,698
74,1038,680
74,1066,684
74,1092,681
74,1133,697
74,1166,738
74,1134,779
74,1094,796
74,1067,798
74,1037,795
74,996,780
74,978,736
74,1039,704
74,1067,705
74,1092,705
74,1150,737
74,1092,771
74,1066,772
74,1037,770
74,1021,634
74,1041,641
74,1063,648
74,1085,640
74,1106,631
75,844,762
75,870,818
75,908,863
75,961,896
75,1017,924
75,1078,932
75,1138,917
75,1195,885
75,1249,847
75,1288,801
75,1311,744
75,962,740
75,995,701
75,1037,683
75,1064,687
75,1091,684
75,1135,699
75,1173,736
75,1138,783
75,1096,801
75,1067,804
75,1036,801
75,995,786
75,976,737
75,1038,705
75,1065,706
75,1092,705
75,1156,735
75,1094,774
75,1066,777
75,1037,774
75,1020,636
75,1041,643
75,1064,649
75,1087,641
75,1109,633
76,841,762
76,866,818
76,905,862
76,959,897
76,1014,927
76,1078,936
76,1141,919
76,1200,885
76,1253,846
76,1290,798
76,1314,740
76,961,741
76,993,701
76,1034,685
76,1063,689
76,1091,685
76,1135,700
76,1173,738
76,1137,787
76,1094,803
76,1065,805
76,1033,803
76,993,788
76,975,739
76,1035,706
76,1064,707
76,1091,707
76,1157,738
76,1093,777
76,1064,778
76,1033,776
76,1015,634
76,1037,641
76,1061,649
76,1086,641
76,1111,632
77,843,764
77,868,818
77,904,862
77,956,896
77,1010,926
77,1073,936
77,1135,923
77,1193,892
77,1248,856
77,1287,809
77,1313,752
77,963,742
77,996,702
77,1037,684
77,1065,687
77,1091,684
77,1135,702
77,1173,742
77,1137,782
77,1094,794
77,1067,796
77,1038,794
77,996,781
77,977,740
77,1039,708
77,1065,708
77,1091,709
77,1156,741
77,1093,764
77,1066,765
77,1038,763
77,1022,636
77,1041,642
77,1063,648
77,1086,641
77,1109,633
78,843,769
78,867,823
78,903,866
78,955,900
78,1012,930
78,1076,940
78,1139,926
78,1197,894
78,1249,855
78,1287,808
78,1310,752
78,962,745
78,993,705
78,1035,687
78,1062,688
78,1089,686
78,1134,703
78,1172,743
78,1138,787
78,1094,803
78,1066,805
78,1036,803
78,995,789
78,977,743
78,1036,711
78,1063,710
78,1090,711
78,1156,742
78,1093,774
78,1065,775
78,1036,774
78,1020,637
78,1039,645
78,1062,651
78,1085,643
78,1107,634
79,842,770
79,866,824
79,902,866
79,954,901
79,1010,931
79,1072,940
79,1132,926
79,1189,895
79,1239,857
79,1275,808
79,1296,751
79,965,749
79,998,710
79,1039,691
79,1065,694
79,1091,691
79,1134,709
79,1167,749
79,1135,790
79,1095,804
79,1067,805
79,1039,804
79,999,791
79,980,747
79,1040,714
79,1066,715
79,1092,715
79,1151,748
79,1093,776
79,1066,776
79,1039,774
79,1022,639
79,1041,646
79,1063,651
79,1085,644
79,1106,636
80,841,769
80,865,825
80,901,870
80,956,905
80,1014,934
80,1080,940
80,1143,924
80,1201,892
80,1255,853
80,1290,805
80,1312,749
80,970,754
80,1003,719
80,1041,700
80,1065,704
80,1089,699
80,1128,717
80,1163,749
80,1129,781
80,1092,790
80,1067,792
80,1041,792
80,1004,784
80,987,752
80,1042,727
80,1066,727
80,1090,727
80,1144,748
80,1091,755
80,1066,757
80,1041,756
80,1024,642
80,1042,648
80,1064,654
80,1085,646
80,1106,638
81,843,764
81,865,821
81,899,867
81,952,902
81,1010,931
81,1071,939
81,1132,925
81,1190,894
81,1244,856
81,1281,809
81,1304,752
81,974,754
81,1006,727
81,1039,711
81,1061,716
81,1082,711
81,1116,724
81,1153,750
81,1117,773
81,1085,780
81,1064,782
81,1040,781
81,1008,775
81,989,750
81,1040,735
81,1062,735
81,1082,734
81,1135,748
81,1084,752
81,1063,753
81,1041,752
81,1022,646
81,1040,653
81,1061,658
81,1082,651
81,1103,642
82,841,767
82,865,823
82,900,867
82,954,900
82,1013,924
82,1076,929
82,1138,914
82,1197,885
82,1252,850
82,1288,803
82,1310,747
82,975,752
82,1010,729
82,1041,714
82,1061,718
82,1080,714
82,1114,725
82,1153,749
82,1116,765
82,1085,769
82,1065,770
82,1044,769
82,1013,765
82,992,749
82,1042,733
82,1062,734
82,1081,732
82,1136,746
82,1083,747
82,1064,749
82,1043,748
82,1026,642
82,1043,649
82,1063,655
82,1083,648
82,1104,640
83,843,768
83,865,822
83,896,867
83,947,899
83,1005,922
83,1069,929
83,1134,916
83,1195,888
83,1248,851
83,1281,803
83,1298,746
83,981,753
83,1012,729
83,1041,715
83,1059,720
83,1077,715
83,1109,727
83,1147,750
83,1111,761
83,1081,763
83,1064,763
83,1045,763
83,1016,761
83,996,748
83,1043,734
83,1060,736
83,1077,735
83,1131,746
83,1080,745
83,1062,746
83,1044,745
83,1025,644
83,1042,650
83,1061,655
83,1080,649
83,1100,640
84,835,756
84,855,813
84,887,861
84,940,897
84,1000,922
84,1065,929
84,1129,917
84,1187,892
84,1237,857
84,1270,810
84,1290,752
84,978,753
84,1014,728
84,1044,714
84,1063,719
84,1081,713
84,1113,726
84,1151,751
84,1114,759
84,1084,760
84,1065,760
84,1046,760
84,1016,760
84,995,749
84,1044,731
84,1063,732
84,1081,730
84,1135,747
84,1083,744
84,1064,746
84,1046,744
84,1025,639
84,1042,646
84,1062,651
84,1082,645
84,1103,636
85,836,748
85,855,807
85,886,856
85,936,895
85,995,920
85,1061,928
85,1127,916
85,1188,891
85,1238,854
85,1271,806
85,1291,747
85,976,753
85,1011,727
85,1041,712
85,1060,717
85,1079,712
85,1112,725
85,1150,749
85,1113,761
85,1082,763
85,1063,763
85,1043,763
85,1014,762
85,992,748
85,1041,732
85,1060,732
85,1079,731
85,1134,746
85,1082,745
85,1063,746
85,1043,745
85,1024,638
85,1041,645
85,1061,650
85,1082,644
85,1102,635
86,841,764
86,864,822
86,897,869
86,947,905
86,1006,931
86,1074,938
86,1141,924
86,1201,895
86,1254,858
86,1290,809
86,1310,751
86,978,753
86,1007,719
86,1039,703
86,1060,707
86,1080,703
86,1117,718
86,1156,749
86,1119,764
86,1085,770
86,1064,771
86,1042,770
86,1011,765
86,992,747
86,1040,729
86,1061,730
86,1081,728
86,1139,745
86,1083,742
86,1062,744
86,1041,743
86,1021,639
86,1040,645
86,1061,650
86,1082,643
86,1104,635
87,840,768
87,863,827
87,897,877
87,947,916
87,1005,944
87,1071,952
87,1136,939
87,1193,907
87,1242,865
87,1277,814
87,1298,753
87,980,758
87,1004,713
87,1039,692
87,1061,696
87,1083,692
87,1121,712
87,1153,754
87,1123,784
87,1088,797
87,1065,799
87,1040,798
87,1007,787
87,995,754
87,1040,722
87,1063,721
87,1084,721
87,1137,751
87,1085,765
87,1063,767
87,1040,765
87,1021,634
87,1041,640
87,1063,645
87,1085,639
87,1106,630
88,844,770
88,868,830
88,901,882
88,949,926
88,1008,959
88,1074,967
88,1139,951
88,1199,916
88,1250,872
88,1285,820
88,1308,760
88,982,761
88,1004,711
88,1038,687
88,1063,690
88,1086,687
88,1126,709
88,1155,760
88,1128,798
88,1092,813
88,1066,815
88,1039,814
88,1006,799
88,998,757
88,1040,716
88,1064,715
88,1087,716
88,1139,757
88,1089,777
88,1064,778
88,1040,776
88,1025,633
88,1042,640
88,1064,645
88,1085,638
88,1106,629
89,844,772
89,866,830
89,897,883
89,946,928
89,1003,963
89,1068,974
89,1133,959
89,1193,923
89,1244,878
89,1280,825
89,1302,765
89,977,763
89,999,710
89,1036,684
89,1061,686
89,1082,682
89,1124,706
89,1153,760
89,1125,806
89,1087,825
89,1062,828
89,1035,826
89,1000,808
89,992,759
89,1037,714
89,1061,712
89,1083,713
89,1137,758
89,1085,785
89,1062,788
89,1037,786
89,1023,633
89,1041,640
89,1061,645
89,1084,638
89,1106,630
90,845,779
90,867,838
90,899,888
90,947,932
90,1004,966
90,1068,976
90,1131,960
90,1189,924
90,1241,882
90,1276,830
90,1298,771
90,975,769
90,996,709
90,1035,682
90,1059,684
90,1080,681
90,1123,705
90,1153,762
90,1125,811
90,1085,832
90,1060,836
90,1033,836
90,996,820
90,989,764
90,1036,711
90,1059,709
90,1081,710
90,1137,759
90,1083,795
90,1059,798
90,1034,797
90,1023,634
90,1041,640
90,1062,645
90,1083,638
90,1102,630
91,837,766
91,859,825
91,891,876
91,939,921
91,996,957
91,1063,968
91,1130,953
91,1192,916
91,1245,874
91,1285,823
91,1310,766
91,969,764
91,992,709
91,1032,682
91,1058,683
91,1080,680
91,1124,703
91,1157,755
91,1125,803
91,1083,824
91,1057,828
91,1030,828
91,992,814
91,983,759
91,1033,708
91,1058,706
91,1080,707
91,1140,752
91,1082,787
91,1057,790
91,1031,791
91,1023,636
91,1041,641
91,1063,645
91,1084,639
91,1104,631
92,837,763
92,860,821
92,892,871
92,940,912
92,997,943
92,1061,952
92,1125,938
92,1186,906
92,1239,868
92,1280,820
92,1306,762
92,969,757
92,995,706
92,1034,680
92,1058,683
92,1082,680
92,1123,702
92,1157,749
92,1122,790
92,1083,804
92,1057,808
92,1030,808
92,993,799
92,983,753
92,1035,708
92,1059,707
92,1081,708
92,1140,747
92,1082,770
92,1057,772
92,1032,773
92,1021,634
92,1041,640
92,1063,644
92,1085,638
92,1107,631
93,846,760
93,866,815
93,898,861
93,945,898
93,1000,926
93,1065,934
93,1132,920
93,1193,889
93,1247,853
93,1287,809
93,1309,755
93,966,745
93,997,707
93,1035,687
93,1059,690
93,1083,686
93,1121,704
93,1160,738
93,1120,769
93,1082,780
93,1056,784
93,1030,785
93,994,778
93,982,742
93,1035,713
93,1059,712
93,1083,712
93,1140,737
93,1082,748
93,1057,751
93,1032,751
93,1019,635
93,1040,641
93,1063,646
93,1086,639
93,1108,631
94,838,749
94,861,805
94,896,849
94,948,882
94,1006,907
94,1071,913
94,1137,901
94,1197,872
94,1248,834
94,1284,786
94,1303,729
94,973,739
94,1005,711
94,1039,696
94,1060,701
94,1080,696
94,1116,709
94,1156,732
94,1117,752
94,1082,758
94,1061,760
94,1039,760
94,1007,757
94,988,735
94,1040,718
94,1060,719
94,1081,718
94,1138,730
94,1081,734
94,1060,736
94,1039,736
94,1019,636
94,1039,643
94,1061,648
94,1084,641
94,1107,632
95,842,744
95,862,798
95,896,842
95,950,874
95,1010,898
95,1076,904
95,1142,892
95,1203,864
95,1255,827
95,1289,780
95,1306,724
95,977,735
95,1008,708
95,1040,693
95,1062,698
95,1082,693
95,1117,706
95,1157,728
95,1118,743
95,1085,750
95,1063,751
95,1041,751
95,1011,748
95,992,731
95,1040,717
95,1062,718
95,1083,718
95,1139,726
95,1083,724
95,1062,727
95,1041,726
95,1023,638
95,1043,645
95,1064,650
95,1086,643
95,1108,635
96,842,745
96,862,797
96,896,840
96,949,872
96,1010,898
96,1076,906
96,1141,894
96,1199,867
96,1250,834
96,1283,789
96,1301,735
96,982,732
96,1013,700
96,1045,682
96,1065,685
96,1082,682
96,1117,699
96,1155,727
96,1118,744
96,1086,751
96,1067,752
96,1047,751
96,1016,746
96,999,727
96,1046,708
96,1065,708
96,1083,708
96,1135,724
96,1084,718
96,1066,719
96,1046,718
96,1024,633
96,1043,640
96,1065,646
96,1086,639
96,1107,631
97,845,744
97,867,797
97,904,841
97,959,874
97,1020,900
97,1083,908
97,1144,895
97,1200,867
97,1253,833
97,1289,788
97,1310,735
97,987,730
97,1017,693
97,1052,676
97,1073,680
97,1095,677
97,1131,693
97,1165,726
97,1134,754
97,1099,766
97,1075,768
97,1051,767
97,1018,756
97,1004,726
97,1053,700
97,1074,700
97,1096,701
97,1147,724
97,1097,735
97,1074,737
97,1052,736
97,1031,634
97,1049,641
97,1071,647
97,1093,640
97,1115,634
98,843,749
98,865,803
98,903,848
98,958,881
98,1019,908
98,1082,917
98,1144,903
98,1198,872
98,1248,836
98,1280,791
98,1299,739
98,984,732
98,1011,688
98,1046,671
98,1072,675
98,1097,670
98,1134,686
98,1164,727
98,1136,761
98,1102,775
98,1076,778
98,1048,776
98,1013,762
98,1000,727
98,1047,696
98,1073,696
98,1098,695
98,1148,723
98,1099,745
98,1074,748
98,1047,746
98,1027,632
98,1047,641
98,1070,648
98,1093,641
98,1116,632
99,847,747
99,871,805
99,908,853
99,960,888
99,1017,917
99,1080,926
99,1143,911
99,1196,879
99,1246,839
99,1281,790
99,1301,733
99,985,734
99,1007,687
99,1043,669
99,1067,672
99,1090,667
99,1129,683
99,1157,731
99,1133,774
99,1096,792
99,1071,794
99,1045,792
99,1010,775
99,999,730
99,1044,695
99,1068,695
99,1091,694
99,1141,727
99,1094,761
99,1070,764
99,1044,761
99,1028,633
99,1047,640
99,1068,646
99,1088,638
99,1108,629
100,848,759
100,872,814
100,909,858
100,962,892
100,1021,920
100,1083,929
100,1141,914
100,1195,882
100,1246,843
100,1281,797
100,1301,742
100,987,743
100,1011,692
100,1049,670
100,1072,673
100,1095,668
100,1135,688
100,1160,736
100,1137,781
100,1102,800
100,1076,803
100,1050,802
100,1014,785
100,1001,738
100,1050,697
100,1073,697
100,1096,696
100,1144,732
100,1099,766
100,1074,770
100,1050,768
100,1032,633
100,1051,640
100,1072,645
100,1092,638
100,1112,631
101,851,749
101,874,804
101,909,850
101,961,886
101,1018,913
101,1080,923
101,1139,908
101,1192,877
101,1242,838
101,1274,790
101,1295,735
101,987,735
101,1009,683
101,1046,666
101,1072,669
101,1097,664
101,1135,680
101,1160,729
101,1139,773
101,1104,794
101,1076,797
101,1048,795
101,1012,777
101,1002,730
101,1047,691
101,1073,691
101,1098,689
101,1144,725
101,1102,761
101,1075,764
101,1047,762
101,1030,632
101,1049,638
101,1070,644
101,1092,636
101,1113,628
102,846,754
102,869,809
102,907,853
102,962,886
102,1020,912
102,1083,920
102,1143,906
102,1196,874
102,1247,836
102,1281,787
102,1300,732
102,985,737
102,1008,688
102,1044,669
102,1071,672
102,1096,666
102,1133,683
102,1156,733
102,1136,770
102,1103,787
102,1076,791
102,1047,789
102,1012,773
102,1001,732
102,1046,696
102,1073,695
102,1097,694
102,1139,729
102,1100,754
102,1075,758
102,1047,755
102,1030,634
102,1049,640
102,1071,646
102,1092,638
102,1112,630
103,849,749
103,871,804
103,908,850
103,961,881
103,1022,904
103,1083,912
103,1143,897
103,1198,868
103,1249,832
103,1283,787
103,1305,733
103,990,734
103,1015,688
103,1049,669
103,1072,672
103,1094,667
103,1130,686
103,1155,733
103,1132,764
103,1099,780
103,1075,783
103,1051,781
103,1018,766
103,1004,729
103,1051,696
103,1073,696
103,1095,696
103,1140,728
103,1097,747
103,1074,751
103,1051,748
103,1033,635
103,1051,642
103,1071,647
103,1091,641
103,1112,633
104,842,744
104,863,800
104,900,844
104,953,878
104,1013,902
104,1076,910
104,1138,898
104,1193,871
104,1243,837
104,1279,791
104,1299,736
104,988,734
104,1015,695
104,1047,674
104,1069,677
104,1088,672
104,1122,691
104,1153,731
104,1124,763
104,1094,777
104,1072,780
104,1048,777
104,1018,765
104,1005,732
104,1048,699
104,1070,699
104,1089,699
104,1136,731
104,1092,748
104,1071,751
104,1048,749
104,1030,635
104,1049,641
104,1069,647
104,1089,640
104,1109,632
105,843,743
105,861,797
105,896,842
105,950,873
105,1010,896
105,1073,905
105,1136,894
105,1192,870
105,1243,835
105,1277,789
105,1296,735
105,983,726
105,1010,681
105,1044,666
105,1071,671
105,1098,665
105,1134,679
105,1161,724
105,1136,749
105,1102,763
105,1074,767
105,1045,764
105,1012,752
105,999,720
105,1044,693
105,1071,694
105,1098,693
105,1146,718
105,1101,733
105,1073,736
105,1046,733
105,1031,633
105,1049,640
105,1069,646
105,1090,639
105,1110,631
106,840,745
106,861,798
106,897,841
106,950,871
106,1013,892
106,1078,900
106,1141,889
106,1198,863
106,1248,828
106,1282,782
106,1299,729
106,983,724
106,1010,683
106,1043,667
106,1069,672
106,1094,666
106,1128,680
106,1156,721
106,1130,746
106,1099,757
106,1072,760
106,1044,757
106,1012,747
106,997,720
106,1044,693
106,1070,694
106,1094,692
106,1141,718
106,1097,728
106,1072,730
106,1045,729
106,1030,633
106,1049,640
106,1069,645
106,1090,638
106,1110,630
107,840,739
107,859,792
107,893,836
107,945,867
107,1008,889
107,1073,898
107,1137,888
107,1193,864
107,1242,829
107,1274,784
107,1292,733
107,979,722
107,1006,682
107,1041,667
107,1069,672
107,1096,666
107,1132,679
107,1160,719
107,1134,742
107,1100,753
107,1072,755
107,1043,753
107,1008,743
107,995,717
107,1042,694
107,1069,695
107,1096,693
107,1144,716
107,1099,726
107,1071,729
107,1043,726
107,1028,633
107,1047,640
107,1068,646
107,1090,639
107,1112,632
108,839,749
108,861,802
108,898,845
108,952,876
108,1016,897
108,1081,904
108,1144,893
108,1199,867
108,1249,832
108,1282,786
108,1299,731
108,981,730
108,1008,686
108,1042,670
108,1068,674
108,1091,668
108,1127,682
108,1157,727
108,1130,750
108,1097,760
108,1071,762
108,1044,761
108,1011,752
108,997,725
108,1043,695
108,1068,695
108,1092,695
108,1140,723
108,1095,732
108,1070,734
108,1044,732
108,1028,634
108,1046,640
108,1067,646
108,1087,639
108,1108,629
109,844,759
109,867,813
109,902,857
109,957,889
109,1017,911
109,1080,917
109,1142,904
109,1200,876
109,1251,840
109,1285,793
109,1305,739
109,978,733
109,1006,689
109,1042,672
109,1069,676
109,1095,671
109,1132,686
109,1160,729
109,1133,757
109,1099,770
109,1072,772
109,1044,770
109,1009,759
109,994,727
109,1044,697
109,1070,697
109,1095,696
109,1143,724
109,1097,740
109,1071,743
109,1044,741
109,1027,634
109,1046,640
109,1068,646
109,1090,639
109,1111,630
110,849,767
110,873,823
110,909,868
110,964,902
110,1023,928
110,1087,934
110,1148,918
110,1206,886
110,1259,848
110,1293,800
110,1314,744
110,987,744
110,1010,694
110,1043,674
110,1068,678
110,1091,673
110,1127,693
110,1157,740
110,1129,772
110,1095,783
110,1070,785
110,1043,783
110,1011,773
110,1003,737
110,1044,699
110,1069,699
110,1092,699
110,1138,736
110,1093,750
110,1069,752
110,1043,750
110,1026,631
110,1045,638
110,1067,644
110,1089,636
110,1111,627
111,848,764
111,872,820
111,907,867
111,958,904
111,1015,934
111,1078,941
111,1139,928
111,1193,896
111,1241,857
111,1276,808
111,1298,751
111,980,747
111,1003,697
111,1040,675
111,1067,680
111,1092,677
111,1131,699
111,1161,747
111,1133,785
111,1096,799
111,1068,800
111,1039,797
111,1005,783
111,996,742
111,1041,701
111,1067,701
111,1092,702
111,1143,745
111,1094,764
111,1068,766
111,1040,763
111,1024,631
111,1044,639
111,1067,645
111,1090,637
111,1112,630
112,849,775
112,873,829
112,910,873
112,960,906
112,1016,935
112,1080,942
112,1145,926
112,1202,893
112,1253,855
112,1288,807
112,1309,750
112,980,746
112,1005,700
112,1042,679
112,1066,683
112,1090,680
112,1129,701
112,1163,743
112,1129,779
112,1091,791
112,1065,793
112,1038,791
112,1005,781
112,996,743
112,1042,706
112,1066,707
112,1090,707
112,1145,741
112,1090,754
112,1065,755
112,1040,753
112,1023,632
112,1042,640
112,1065,645
112,1089,638
112,1112,630
113,846,760
113,869,817
113,904,863
113,958,897
113,1021,921
113,1091,925
113,1158,907
113,1216,874
113,1266,834
113,1299,784
113,1316,727
113,979,744
113,1011,712
113,1046,695
113,1069,699
113,1090,695
113,1127,709
113,1163,735
113,1129,756
113,1095,764
113,1072,766
113,1048,766
113,1014,762
113,995,740
113,1047,719
113,1070,719
113,1092,718
113,1145,733
113,1093,739
113,1071,741
113,1048,740
113,1027,636
113,1046,643
113,1068,648
113,1089,641
113,1110,632
114,841,746
114,861,803
114,896,849
114,953,881
114,1015,905
114,1082,911
114,1148,898
114,1209,870
114,1259,830
114,1288,779
114,1301,721
114,982,738
114,1013,712
114,1044,698
114,1065,703
114,1086,698
114,1121,711
114,1158,730
114,1123,746
114,1090,751
114,1069,753
114,1046,752
114,1017,749
114,996,734
114,1045,720
114,1066,721
114,1087,720
114,1142,728
114,1089,728
114,1068,730
114,1046,729
114,1030,637
114,1048,643
114,1068,648
114,1088,641
114,1108,634
115,845,745
115,867,801
115,902,847
115,957,880
115,1019,903
115,1083,908
115,1146,894
115,1205,866
115,1255,830
115,1287,781
115,1301,724
115,986,736
115,1018,711
115,1049,696
115,1071,701
115,1090,696
115,1125,709
115,1161,729
115,1126,741
115,1095,747
115,1074,749
115,1052,748
115,1022,745
115,1002,731
115,1050,718
115,1071,721
115,1091,719
115,1145,726
115,1093,724
115,1073,726
115,1051,724
115,1031,639
115,1050,644
115,1071,649
115,1091,642
115,1112,635
116,842,746
116,862,800
116,898,845
116,953,876
116,1015,899
116,1081,906
116,1146,893
116,1206,865
116,1256,829
116,1288,780
116,1303,724
116,987,734
116,1018,706
116,1049,690
116,1070,695
116,1090,690
116,1124,705
116,1159,728
116,1126,741
116,1095,749
116,1074,751
116,1051,750
116,1021,745
116,1002,729
116,1050,714
116,1071,715
116,1092,714
116,1142,726
116,1093,720
116,1072,722
116,1050,721
116,1032,636
116,1051,642
116,1070,647
116,1090,641
116,1111,634
117,841,739
117,860,795
117,896,841
117,951,875
117,1012,900
117,1077,910
117,1141,898
117,1201,869
117,1251,832
117,1285,784
117,1303,728
117,990,736
117,1017,699
117,1047,680
117,1067,685
117,1085,681
117,1117,700
117,1149,736
117,1119,755
117,1089,763
117,1070,764
117,1048,762
117,1019,752
117,1006,730
117,1048,706
117,1068,706
117,1086,706
117,1131,731
117,1087,730
117,1069,731
117,1048,729
117,1027,636
117,1046,642
117,1067,647
117,1087,641
117,1108,635
118,845,748
118,867,802
118,903,845
118,958,877
118,1016,904
118,1076,914
118,1134,902
118,1189,873
118,1240,839
118,1275,793
118,1295,737
118,993,741
118,1016,697
118,1046,677
118,1066,681
118,1086,678
118,1117,698
118,1144,745
118,1118,764
118,1090,773
118,1069,774
118,1047,771
118,1019,760
118,1011,735
118,1047,705
118,1067,705
118,1086,706
118,1125,740
118,1088,739
118,1068,738
118,1048,736
118,1030,637
118,1048,643
118,1067,647
118,1087,643
118,1107,637
119,849,752
119,871,806
119,907,850
119,960,883
119,1017,908
119,1077,917
119,1135,903
119,1189,873
119,1238,837
119,1272,792
119,1291,737
119,993,746
119,1018,697
119,1050,675
119,1069,678
119,1087,675
119,1118,698
119,1142,746
119,1117,766
119,1090,776
119,1071,778
119,1049,777
119,1020,766
119,1010,739
119,1050,703
119,1070,702
119,1088,704
119,1123,741
119,1088,744
119,1070,745
119,1050,744
119,1032,637
119,1050,642
119,1070,646
119,1088,640
119,1107,636
120,840,745
120,861,799
120,896,846
120,950,880
120,1009,906
120,1069,916
120,1128,905
120,1184,876
120,1236,840
120,1273,795
120,1296,741
120,995,747
120,1019,696
120,1050,672
120,1067,676
120,1083,673
120,1115,696
120,1140,745
120,1114,768
120,1086,778
120,1067,780
120,1049,778
120,1021,767
120,1012,741
120,1051,704
120,1067,702
120,1084,704
120,1121,741
120,1085,744
120,1067,745
120,1050,745
120,1032,637
120,1050,644
120,1068,648
120,1087,643
120,1106,637
121,848,739
121,868,794
121,902,840
121,954,875
121,1011,903
121,1071,914
121,1130,901
121,1184,874
121,1234,839
121,1269,794
121,1291,740
121,995,746
121,1018,699
121,1048,674
121,1064,679
121,1082,675
121,1114,700
121,1141,748
121,1113,770
121,1085,780
121,1066,781
121,1047,778
121,1020,767
121,1013,740
121,1048,706
121,1065,705
121,1082,707
121,1121,744
121,1083,744
121,1065,744
121,1048,743
121,1030,637
121,1047,643
121,1066,647
121,1086,643
121,1106,637
122,843,750
122,865,803
122,901,847
122,956,880
122,1017,906
122,1078,914
122,1138,902
122,1193,871
122,1242,833
122,1276,786
122,1294,733
122,993,745
122,1019,696
122,1051,674
122,1071,678
122,1089,675
122,1120,698
122,1144,748
122,1118,769
122,1090,779
122,1070,780
122,1048,778
122,1019,766
122,1010,740
122,1051,704
122,1071,704
122,1088,706
122,1125,742
122,1088,742
122,1070,743
122,1049,741
122,1031,637
122,1049,643
122,1068,647
122,1087,642
122,1107,637
123,843,747
123,865,800
123,901,845
123,955,879
123,1013,905
123,1074,914
123,1135,901
123,1188,872
123,1237,835
123,1271,789
123,1292,737
123,991,742
123,1014,694
123,1046,674
123,1070,678
123,1092,673
123,1124,693
123,1146,741
123,1125,766
123,1096,778
123,1072,781
123,1047,779
123,1016,766
123,1008,735
123,1047,698
123,1070,698
123,1092,698
123,1130,736
123,1095,745
123,1071,747
123,1047,745
123,1029,634
123,1047,641
123,1067,646
123,1089,640
123,1110,633
124,846,753
124,870,808
124,908,851
124,963,882
124,1020,907
124,1082,915
124,1141,901
124,1196,870
124,1247,834
124,1282,786
124,1301,730
124,988,739
124,1011,688
124,1046,668
124,1070,672
124,1093,668
124,1129,686
124,1153,735
124,1131,768
124,1097,782
124,1073,784
124,1046,783
124,1013,770
124,1005,733
124,1046,693
124,1071,694
124,1093,694
124,1136,730
124,1095,752
124,1072,754
124,1046,752
124,1027,631
124,1046,638
124,1068,645
124,1089,637
124,1110,627
125,846,757
125,871,813
125,911,856
125,968,886
125,1024,911
125,1085,918
125,1144,904
125,1197,874
125,1250,838
125,1284,791
125,1303,735
125,981,733
125,1005,682
125,1043,664
125,1071,668
125,1096,663
125,1135,680
125,1160,730
125,1138,770
125,1102,786
125,1074,788
125,1045,785
125,1007,770
125,995,726
125,1044,687
125,1072,688
125,1097,687
125,1144,725
125,1100,759
125,1073,761
125,1044,759
125,1024,629
125,1045,637
125,1068,644
125,1092,635
125,1115,625
126,847,756
126,870,811
126,910,854
126,966,884
126,1024,910
126,1086,917
126,1146,902
126,1197,872
126,1246,838
126,1279,790
126,1298,735
126,977,730
126,999,678
126,1037,660
126,1068,663
126,1097,658
126,1138,675
126,1164,728
126,1143,765
126,1105,779
126,1074,782
126,1041,779
126,1003,765
126,991,724
126,1039,682
126,1069,683
126,1098,681
126,1149,723
126,1103,751
126,1072,754
126,1040,751
126,1023,625
126,1044,633
126,1068,640
126,1091,631
126,1113,622
127,851,754
127,876,809
127,915,853
127,969,883
127,1025,908
127,1087,915
127,1148,902
127,1201,873
127,1252,840
127,1289,795
127,1310,741
127,974,726
127,996,674
127,1037,657
127,1069,661
127,1100,655
127,1143,671
127,1169,725
127,1149,767
127,1109,784
127,1076,787
127,1042,785
127,999,766
127,986,720
127,1040,681
127,1071,682
127,1102,679
127,1156,720
127,1106,760
127,1074,764
127,1040,761
127,1023,626
127,1045,634
127,1069,642
127,1093,632
127,1116,622
128,844,749
128,869,804
128,909,848
128,964,878
128,1021,902
128,1083,911
128,1144,900
128,1197,872
128,1248,840
128,1285,793
128,1307,738
128,974,725
128,999,671
128,1039,654
128,1068,658
128,1097,654
128,1141,674
128,1170,729
128,1146,773
128,1106,787
128,1074,789
128,1043,786
128,1001,767
128,987,719
128,1040,680
128,1069,681
128,1098,680
128,1156,724
128,1103,762
128,1072,764
128,1042,760
128,1022,623
128,1044,630
128,1068,637
128,1092,629
128,1115,622
129,844,760
129,872,814
129,914,856
129,970,884
129,1027,907
129,1089,912
129,1148,901
129,1200,874
129,1250,843
129,1286,799
129,1307,746
129,977,737
129,1001,680
129,1043,657
129,1072,660
129,1099,656
129,1142,678
129,1169,736
129,1146,776
129,1107,788
129,1078,790
129,1046,790
129,1004,775
129,988,730
129,1044,682
129,1073,682
129,1101,681
129,1154,729
129,1105,764
129,1075,766
129,1045,765
129,1024,622
129,1046,628
129,1071,633
129,1094,626
129,1118,619
130,844,754
130,868,811
130,907,856
130,961,888
130,1018,912
130,1080,920
130,1141,910
130,1195,883
130,1247,850
130,1286,805
130,1309,749
130,973,740
130,994,676
130,1034,654
130,1066,658
130,1096,654
130,1140,676
130,1166,742
130,1143,781
130,1102,793
130,1070,794
130,1036,791
130,996,776
130,984,732
130,1036,682
130,1067,683
130,1097,682
130,1153,734
130,1100,765
130,1068,768
130,1036,764
130,1021,623
130,1042,629
130,1066,636
130,1090,629
130,1113,621
131,844,764
131,871,819
131,912,863
131,968,892
131,1024,914
131,1087,920
131,1148,906
131,1200,877
131,1251,846
131,1286,800
131,1306,746
131,969,742
131,992,682
131,1036,659
131,1067,662
131,1097,657
131,1141,678
131,1166,739
131,1145,778
131,1104,793
131,1072,796
131,1038,794
131,995,779
131,980,734
131,1037,687
131,1069,687
131,1099,685
131,1152,731
131,1101,768
131,1070,771
131,1037,769
131,1022,626
131,1043,632
131,1067,637
131,1090,630
131,1113,622
132,845,765
132,872,819
132,914,860
132,969,890
132,1026,914
132,1086,920
132,1145,906
132,1198,879
132,1249,846
132,1286,801
132,1307,746
132,973,740
132,1000,692
132,1040,668
132,1067,670
132,1093,666
132,1136,686
132,1169,734
132,1141,780
132,1102,794
132,1074,795
132,1044,794
132,1003,783
132,985,735
132,1041,691
132,1068,691
132,1094,690
132,1154,730
132,1099,769
132,1072,771
132,1043,771
132,1022,628
132,1042,634
132,1066,638
132,1088,630
132,1111,623
133,847,765
133,871,819
133,911,859
133,966,890
133,1021,915
133,1083,922
133,1142,910
133,1194,881
133,1243,847
133,1277,800
133,1295,745
133,967,743
133,989,686
133,1031,665
133,1065,670
133,1096,666
133,1142,686
133,1170,744
133,1144,783
133,1101,797
133,1067,799
133,1031,796
133,990,780
133,979,738
133,1032,692
133,1066,694
133,1097,694
133,1157,739
133,1098,771
133,1065,772
133,1030,769
133,1019,630
133,1040,636
133,1063,642
133,1086,635
133,1109,627
134,850,772
134,875,824
134,916,863
134,969,892
134,1023,917
134,1084,922
134,1144,909
134,1195,881
134,1245,850
134,1282,807
134,1302,753
134,960,745
134,987,688
134,1031,668
134,1065,672
134,1096,668
134,1141,689
134,1174,744
134,1144,784
134,1099,799
134,1066,800
134,1030,798
134,987,782
134,974,739
134,1032,694
134,1065,695
134,1096,694
134,1160,738
134,1098,773
134,1065,775
134,1030,773
134,1017,630
134,1039,636
134,1064,642
134,1088,634
134,1111,628
135,843,770
135,870,823
135,911,864
135,967,894
135,1021,921
135,1083,928
135,1143,914
135,1196,882
135,1245,846
135,1281,799
135,1300,742
135,957,745
135,985,691
135,1029,671
135,1063,674
135,1093,670
135,1139,689
135,1172,740
135,1143,784
135,1098,800
135,1066,802
135,1030,800
135,985,784
135,971,740
135,1030,697
135,1063,698
135,1093,698
135,1156,737
135,1096,773
135,1064,776
135,1029,774
135,1016,633
135,1038,638
135,1063,645
135,1086,637
135,1109,629
136,842,773
136,868,825
136,909,864
136,965,893
136,1020,919
136,1081,928
136,1142,913
136,1195,882
136,1245,848
136,1280,802
136,1298,746
136,960,744
136,988,691
136,1032,672
136,1065,675
136,1095,672
136,1140,691
136,1173,740
136,1145,785
136,1100,801
136,1068,803
136,1032,801
136,988,784
136,974,739
136,1033,696
136,1066,697
136,1096,697
136,1158,737
136,1098,775
136,1066,776
136,1031,774
136,1020,635
136,1041,641
136,1065,647
136,1087,639
136,1109,633
137,845,761
137,869,816
137,908,860
137,963,893
137,1020,920
137,1083,928
137,1144,913
137,1199,883
137,1252,851
137,1289,804
137,1309,747
137,961,746
137,988,692
137,1031,671
137,1062,675
137,1093,671
137,1141,692
137,1174,744
137,1145,787
137,1099,802
137,1066,803
137,1032,801
137,989,786
137,976,741
137,1032,698
137,1063,698
137,1094,699
137,1158,740
137,1098,773
137,1065,773
137,1032,771
137,1018,635
137,1038,642
137,1061,648
137,1085,640
137,1109,633
138,846,763
138,870,816
138,907,857
138,959,890
138,1015,919
138,1080,926
138,1142,912
138,1197,881
138,1248,845
138,1282,800
138,1301,744
138,959,744
138,986,691
138,1031,670
138,1062,674
138,1091,670
138,1139,690
138,1173,740
138,1144,786
138,1098,802
138,1066,804
138,1032,802
138,987,786
138,972,741
138,1032,697
138,1063,698
138,1092,697
138,1157,738
138,1095,776
138,1064,777
138,1032,775
138,1018,633
138,1039,638
138,1062,642
138,1085,636
138,1107,629
139,842,760
139,866,816
139,907,859
139,962,890
139,1020,918
139,1084,926
139,1145,912
139,1198,881
139,1249,847
139,1287,802
139,1308,747
139,961,747
139,989,695
139,1032,675
139,1065,678
139,1096,674
139,1142,693
139,1171,745
139,1146,785
139,1102,801
139,1068,803
139,1034,802
139,990,788
139,974,742
139,1033,699
139,1065,699
139,1097,699
139,1157,740
139,1100,776
139,1067,778
139,1033,777
139,1018,635
139,1040,642
139,1065,649
139,1090,641
139,1114,633
140,846,765
140,870,819
140,908,862
140,961,893
140,1015,921
140,1076,929
140,1136,918
140,1189,888
140,1241,853
140,1278,808
140,1298,753
140,963,746
140,990,696
140,1033,675
140,1064,678
140,1092,674
140,1138,692
140,1171,743
140,1141,787
140,1097,804
140,1066,806
140,1033,804
140,991,788
140,975,742
140,1034,699
140,1064,699
140,1093,699
140,1157,740
140,1095,779
140,1065,781
140,1033,779
140,1018,635
140,1039,642
140,1062,648
140,1085,640
140,1108,631
141,849,769
141,871,824
141,908,864
141,961,894
141,1018,922
141,1081,931
141,1143,917
141,1199,886
141,1251,850
141,1284,802
141,1301,744
141,962,745
141,987,693
141,1028,673
141,1061,676
141,1092,673
141,1139,691
141,1172,742
141,1144,783
141,1100,797
141,1066,799
141,1031,796
141,989,782
141,976,741
141,1030,701
141,1062,701
141,1094,701
141,1157,739
141,1097,768
141,1064,770
141,1030,767
141,1014,636
141,1035,644
141,1059,651
141,1084,642
141,1107,634
142,845,765
142,871,820
142,910,863
142,964,894
142,1019,920
142,1081,927
142,1141,914
142,1195,885
142,1247,851
142,1284,805
142,1304,750
142,965,744
142,988,693
142,1031,672
142,1063,676
142,1093,673
142,1139,693
142,1171,746
142,1143,788
142,1099,801
142,1067,802
142,1033,800
142,990,784
142,978,739
142,1033,699
142,1064,699
142,1094,700
142,1156,742
142,1096,774
142,1065,775
142,1032,774
142,1018,636
142,1038,642
142,1062,648
142,1085,640
142,1108,632
143,843,757
143,867,814
143,904,858
143,959,891
143,1015,919
143,1079,929
143,1143,914
143,1201,885
143,1255,849
143,1292,802
143,1313,744
143,965,744
143,991,694
143,1033,673
143,1063,676
143,1091,673
143,1136,692
143,1171,745
143,1140,786
143,1097,798
143,1066,799
143,1034,798
143,992,785
143,979,740
143,1034,700
143,1063,700
143,1092,700
143,1156,741
143,1095,768
143,1065,769
143,1033,768
143,1016,637
143,1037,643
143,1061,649
143,1086,642
143,1110,634
144,843,758
144,866,813
144,903,857
144,956,890
144,1013,919
144,1076,929
144,1140,916
144,1198,886
144,1251,851
144,1290,805
144,1313,748
144,961,746
144,988,696
144,1031,674
144,1062,678
144,1091,674
144,1137,694
144,1169,742
144,1141,783
144,1098,794
144,1067,796
144,1034,794
144,991,782
144,975,741
144,1033,701
144,1063,701
144,1092,700
144,1154,739
144,1096,768
144,1065,770
144,1033,768
144,1016,635
144,1037,640
144,1061,646
144,1085,639
144,1110,634
145,843,766
145,868,821
145,907,865
145,962,896
145,1019,924
145,1081,931
145,1143,915
145,1197,883
145,1247,849
145,1284,802
145,1304,746
145,963,748
145,989,696
145,1031,676
145,1063,680
145,1093,675
145,1138,694
145,1171,746
145,1141,790
145,1098,802
145,1066,804
145,1032,802
145,991,787
145,977,743
145,1032,701
145,1064,702
145,1094,702
145,1156,743
145,1096,775
145,1065,776
145,1031,774
145,1015,636
145,1037,643
145,1062,651
145,1088,642
145,1113,633
146,846,759
146,870,815
146,910,859
146,966,892
146,1022,921
146,1084,929
146,1145,912
146,1200,880
146,1253,846
146,1291,799
146,1313,742
146,961,744
146,989,694
146,1032,674
146,1063,678
146,1093,674
146,1138,693
146,1173,741
146,1142,787
146,1099,803
146,1067,806
146,1033,804
146,990,788
146,975,740
146,1034,700
146,1064,700
146,1094,699
146,1157,737
146,1097,776
146,1065,778
146,1032,776
146,1014,635
146,1038,643
146,1065,650
146,1090,642
146,1116,635
147,845,743
147,866,800
147,900,848
147,952,886
147,1009,917
147,1073,928
147,1136,916
147,1189,884
147,1237,849
147,1273,802
147,1294,746
147,965,745
147,991,696
147,1032,677
147,1063,680
147,1092,676
147,1136,695
147,1173,745
147,1140,787
147,1098,800
147,1066,802
147,1033,801
147,992,785
147,979,741
147,1034,701
147,1064,701
147,1093,701
147,1157,742
147,1096,775
147,1064,777
147,1033,776
147,1014,636
147,1036,644
147,1062,652
147,1089,643
147,1115,635
148,844,755
148,867,810
148,905,856
148,958,889
148,1016,918
148,1079,928
148,1141,915
148,1196,886
148,1248,853
148,1286,807
148,1309,750
148,966,744
148,994,694
148,1034,673
148,1064,678
148,1095,674
148,1138,694
148,1173,744
148,1143,781
148,1101,791
148,1069,792
148,1036,790
148,995,777
148,983,738
148,1035,701
148,1065,701
148,1096,701
148,1156,741
148,1099,761
148,1067,761
148,1035,759
148,1017,637
148,1040,643
148,1065,650
148,1091,642
148,1117,635
149,845,752
149,865,808
149,902,857
149,954,892
149,1013,920
149,1076,929
149,1139,916
149,1194,884
149,1245,850
149,1283,805
149,1307,749
149,965,749
149,992,696
149,1033,677
149,1065,681
149,1095,677
149,1138,696
149,1171,747
149,1141,788
149,1100,801
149,1067,803
149,1033,801
149,992,786
149,979,744
149,1034,704
149,1066,705
149,1096,704
149,1157,744
149,1098,772
149,1066,774
149,1033,772
149,1016,637
149,1038,644
149,1063,651
149,1088,643
149,1113,635
150,845,763
150,869,818
150,907,861
150,961,892
150,1017,920
150,1081,928
150,1145,914
150,1202,882
150,1254,846
150,1289,798
150,1309,742
150,965,746
150,992,698
150,1033,677
150,1066,681
150,1097,676
150,1139,695
150,1172,745
150,1142,786
150,1101,799
150,1069,801
150,1034,799
150,993,785
150,979,743
150,1034,703
150,1067,704
150,1097,703
150,1157,742
150,1099,771
150,1067,773
150,1033,772
150,1016,637
150,1038,644
150,1062,650
150,1087,641
150,1111,633
151,846,762
151,871,817
151,910,860
151,964,893
151,1018,919
151,1077,928
151,1136,915
151,1191,886
151,1244,851
151,1284,805
151,1309,750
151,965,745
151,991,695
151,1033,675
151,1063,678
151,1093,674
151,1137,694
151,1171,743
151,1140,786
151,1098,800
151,1066,803
151,1033,801
151,992,785
151,979,741
151,1034,701
151,1064,701
151,1094,701
151,1155,740
151,1096,772
151,1065,773
151,1033,773
151,1018,637
151,1039,645
151,1063,651
151,1088,643
151,1112,634
152,846,762
152,871,817
152,909,861
152,964,893
152,1020,918
152,1081,928
152,1141,914
152,1196,885
152,1250,852
152,1289,806
152,1313,750
152,968,745
152,993,695
152,1034,676
152,1064,679
152,1093,675
152,1138,693
152,1170,742
152,1141,783
152,1097,799
152,1067,801
152,1034,800
152,994,784
152,980,740
152,1035,700
152,1065,701
152,1094,700
152,1155,738
152,1095,772
152,1065,774
152,1034,773
152,1018,636
152,1040,643
152,1064,650
152,1088,642
152,1113,634
153,844,769
153,868,824
153,906,865
153,959,897
153,1016,922
153,1080,928
153,1145,915
153,1201,888
153,1251,855
153,1286,809
153,1306,753
153,969,746
153,993,695
153,1031,675
153,1063,680
153,1094,675
153,1138,694
153,1171,746
153,1142,784
153,1099,795
153,1067,797
153,1034,794
153,996,780
153,984,742
153,1032,704
153,1064,704
153,1094,704
153,1156,742
153,1097,766
153,1066,767
153,1033,763
153,1015,636
153,1036,644
153,1061,652
153,1085,643
153,1110,634
154,835,753
154,860,810
154,899,853
154,952,888
154,1007,918
154,1072,928
154,1134,914
154,1189,885
154,1239,849
154,1278,802
154,1302,745
154,965,745
154,992,697
154,1033,675
154,1063,680
154,1091,675
154,1135,695
154,1169,743
154,1137,788
154,1094,801
154,1064,803
154,1032,801
154,992,787
154,979,742
154,1034,702
154,1063,702
154,1091,701
154,1154,740
154,1093,774
154,1063,775
154,1032,774
154,1014,635
154,1036,643
154,1061,651
154,1086,642
154,1109,633
155,846,758
155,868,813
155,903,857
155,954,891
155,1009,920
155,1071,930
155,1133,918
155,1187,889
155,1236,854
155,1272,808
155,1292,752
155,965,749
155,989,697
155,1031,677
155,1063,681
155,1093,676
155,1137,695
155,1167,743
155,1140,783
155,1097,797
155,1065,800
155,1031,798
155,990,785
155,979,745
155,1031,703
155,1063,704
155,1094,703
155,1152,741
155,1096,770
155,1064,773
155,1031,772
155,1018,638
155,1039,645
155,1063,651
155,1087,643
155,1110,635
156,842,767
156,867,821
156,906,863
156,960,895
156,1016,921
156,1078,930
156,1139,916
156,1192,883
156,1240,846
156,1274,797
156,1292,741
156,967,749
156,991,697
156,1033,675
156,1063,678
156,1092,674
156,1135,694
156,1166,742
156,1138,785
156,1097,801
156,1066,803
156,1034,801
156,993,787
156,979,745
156,1035,702
156,1064,701
156,1092,702
156,1152,739
156,1095,773
156,1065,775
156,1033,774
156,1015,637
156,1037,644
156,1061,651
156,1085,642
156,1108,633
157,847,763
157,871,818
157,908,861
157,960,893
157,1016,920
157,1082,928
157,1146,913
157,1199,882
157,1252,850
157,1289,804
157,1312,750
157,967,746
157,991,694
157,1031,673
157,1062,677
157,1091,673
157,1134,692
157,1166,741
157,1138,780
157,1096,792
157,1065,795
157,1033,793
157,994,780
157,981,741
157,1033,701
157,1063,701
157,1092,700
157,1151,738
157,1095,762
157,1064,764
157,1033,763
157,1015,636
157,1036,644
157,1061,650
157,1086,641
157,1109,633
158,842,755
158,865,811
158,903,854
158,956,886
158,1011,915
158,1072,925
158,1133,913
158,1186,885
158,1237,851
158,1276,805
158,1298,749
158,965,744
158,992,697
158,1032,676
158,1063,681
158,1092,675
158,1135,693
158,1167,741
158,1137,782
158,1096,796
158,1065,798
158,1032,796
158,992,780
158,979,740
158,1032,701
158,1063,701
158,1093,700
158,1153,739
158,1095,769
158,1064,771
158,1032,768
158,1016,636
158,1036,642
158,1059,648
158,1084,641
158,1109,633
159,844,764
159,864,817
159,901,860
159,954,891
159,1010,920
159,1073,929
159,1136,918
159,1192,889
159,1243,854
159,1278,807
159,1295,750
159,968,746
159,994,694
159,1035,674
159,1066,678
159,1095,674
159,1139,694
159,1170,745
159,1143,786
159,1099,799
159,1068,800
159,1035,797
159,995,782
159,984,742
159,1035,701
159,1066,703
159,1095,703
159,1154,743
159,1098,769
159,1067,770
159,1035,767
159,1017,636
159,1038,644
159,1062,651
159,1086,642
159,1109,633
160,848,764
160,873,819
160,910,861
160,964,892
160,1019,917
160,1079,924
160,1139,910
160,1194,882
160,1247,848
160,1285,803
160,1306,748
160,967,747
160,993,696
160,1034,675
160,1063,679
160,1092,675
160,1135,693
160,1168,740
160,1138,782
160,1096,799
160,1065,802
160,1034,800
160,994,785
160,980,743
160,1034,701
160,1063,701
160,1092,700
160,1154,737
160,1094,771
160,1065,773
160,1034,772
160,1017,636
160,1038,643
160,1062,649
160,1087,641
160,1112,632
161,844,760
161,866,814
161,902,856
161,954,890
161,1008,919
161,1071,929
161,1135,917
161,1192,887
161,1243,851
161,1280,805
161,1301,750
161,965,745
161,992,696
161,1033,675
161,1064,679
161,1094,675
161,1138,694
161,1171,744
161,1140,783
161,1097,798
161,1066,800
161,1032,797
161,993,783
161,981,741
161,1034,701
161,1065,702
161,1094,702
161,1155,741
161,1096,768
161,1065,770
161,1033,766
161,1017,637
161,1038,645
161,1062,651
161,1087,642
161,1111,633
162,851,758
162,874,814
162,909,858
162,960,890
162,1014,916
162,1077,923
162,1140,909
162,1196,880
162,1247,846
162,1286,801
162,1307,744
162,968,743
162,996,695
162,1037,676
162,1067,680
162,1095,675
162,1137,693
162,1168,739
162,1137,781
162,1096,796
162,1066,798
162,1034,797
162,995,783
162,980,740
162,1037,700
162,1067,701
162,1095,700
162,1153,737
162,1095,770
162,1066,773
162,1035,771
162,1018,637
162,1039,643
162,1063,649
162,1087,641
162,1112,633
163,846,765
163,869,819
163,906,862
163,959,893
163,1013,919
163,1075,926
163,1135,914
163,1190,885
163,1242,852
163,1281,807
163,1305,751
163,968,747
163,995,698
163,1034,678
163,1064,681
163,1092,677
163,1134,696
163,1167,741
163,1136,780
163,1095,795
163,1064,798
163,1033,797
163,995,784
163,981,744
163,1034,704
163,1064,704
163,1092,704
163,1152,739
163,1093,769
163,1064,771
163,1033,771
163,1016,638
163,1037,644
163,1062,650
163,1087,642
163,1111,634
164,849,765
164,872,820
164,909,864
164,962,897
164,1017,924
164,1078,930
164,1138,916
164,1190,886
164,1240,851
164,1276,804
164,1297,749
164,965,748
164,993,697
164,1035,677
164,1066,681
164,1097,676
164,1139,695
164,1170,741
164,1141,780
164,1100,797
164,1068,800
164,1035,798
164,994,785
164,979,744
164,1036,702
164,1067,702
164,1097,701
164,1155,738
164,1098,770
164,1067,773
164,1035,771
164,1018,638
164,1040,644
164,1064,650
164,1088,641
164,1111,632
165,844,766
165,869,821
165,908,863
165,962,894
165,1017,921
165,1079,927
165,1140,914
165,1194,885
165,1246,850
165,1281,801
165,1301,744
165,968,746
165,993,698
165,1033,679
165,1063,683
165,1092,678
165,1134,694
165,1166,739
165,1137,778
165,1096,794
165,1066,797
165,1033,795
165,994,782
165,980,742
165,1034,704
165,1064,704
165,1092,703
165,1152,737
165,1095,768
165,1065,771
165,1033,769
165,1015,638
165,1037,645
165,1061,652
165,1086,643
165,1110,634
166,846,756
166,869,813
166,906,858
166,959,892
166,1014,919
166,1077,927
166,1139,913
166,1196,883
166,1249,849
166,1287,803
166,1309,745
166,969,746
166,994,698
166,1034,679
166,1064,684
166,1093,678
166,1135,696
166,1169,741
166,1137,780
166,1096,796
166,1065,799
166,1034,798
166,995,784
166,982,742
166,1035,705
166,1064,706
166,1093,705
166,1153,738
166,1095,767
166,1065,771
166,1034,769
166,1016,638
166,1038,645
166,1062,652
166,1087,643
166,1112,635
167,842,767
167,866,820
167,906,861
167,961,891
167,1016,918
167,1076,926
167,1136,914
167,1191,884
167,1243,851
167,1282,806
167,1306,751
167,966,746
167,994,695
167,1036,674
167,1064,678
167,1092,674
167,1135,693
167,1168,740
167,1136,779
167,1094,794
167,1064,796
167,1033,795
167,994,781
167,980,742
167,1036,701
167,1065,701
167,1092,700
167,1152,737
167,1093,767
167,1064,769
167,1034,768
167,1016,636
167,1037,642
167,1061,648
167,1086,640
167,1109,631
168,840,755
168,863,810
168,899,854
168,951,887
168,1008,915
168,1070,924
168,1132,913
168,1186,884
168,1237,850
168,1274,804
168,1295,748
168,969,745
168,995,696
168,1035,675
168,1064,679
168,1092,675
168,1136,693
168,1170,739
168,1138,779
168,1096,795
168,1066,797
168,1035,796
168,996,781
168,983,741
168,1036,701
168,1065,702
168,1093,701
168,1155,737
168,1094,767
168,1065,768
168,1035,767
168,1018,635
168,1038,643
168,1062,650
168,1086,641
168,1110,632
169,846,768
169,871,823
169,909,864
169,962,894
169,1015,919
169,1076,926
169,1137,915
169,1190,886
169,1241,851
169,1277,806
169,1296,750
169,967,745
169,993,696
169,1033,676
169,1063,680
169,1091,676
169,1134,694
169,1168,740
169,1137,778
169,1096,793
169,1066,795
169,1034,793
169,994,778
169,979,741
169,1034,702
169,1064,702
169,1092,702
169,1154,738
169,1094,768
169,1065,770
169,1034,768
169,1015,635
169,1037,642
169,1062,650
169,1086,641
169,1111,633
