Frame,X,Y
0,797,735
0,819,789
0,855,831
0,910,860
0,972,881
0,1037,884
0,1100,872
0,1156,846
0,1207,814
0,1241,771
0,1261,718
0,933,728
0,968,695
0,1005,677
0,1025,680
0,1046,675
0,1083,689
0,1121,717
0,1083,732
0,1049,740
0,1027,744
0,1005,745
0,970,741
0,949,722
0,1006,706
0,1026,705
0,1047,704
0,1102,714
0,1047,711
0,1025,714
0,1005,715
0,978,632
0,1000,639
0,1024,645
0,1047,637
0,1071,629
1,796,734
1,818,787
1,855,829
1,910,858
1,972,879
1,1037,883
1,1101,873
1,1161,849
1,1215,820
1,1252,777
1,1272,723
1,930,731
1,964,697
1,999,679
1,1022,682
1,1044,675
1,1082,689
1,1122,717
1,1084,730
1,1050,738
1,1027,741
1,1003,743
1,968,742
1,946,725
1,1000,707
1,1023,706
1,1046,703
1,1103,714
1,1048,712
1,1025,716
1,1001,717
1,976,633
1,998,639
1,1022,645
1,1046,636
1,1070,628
2,794,737
2,818,790
2,855,833
2,911,862
2,973,881
2,1039,884
2,1102,871
2,1158,848
2,1211,819
2,1247,778
2,1268,724
2,934,732
2,966,698
2,1001,680
2,1024,683
2,1047,678
2,1084,691
2,1121,718
2,1086,732
2,1052,739
2,1028,742
2,1005,743
2,970,741
2,949,725
2,1002,706
2,1025,705
2,1049,702
2,1104,715
2,1050,713
2,1026,717
2,1003,718
2,977,632
2,999,639
2,1023,645
2,1047,637
2,1071,628
3,799,744
3,821,795
3,857,837
3,914,863
3,977,882
3,1043,884
3,1106,871
3,1164,846
3,1216,815
3,1250,773
3,1268,722
3,934,731
3,968,696
3,1004,681
3,1028,686
3,1053,679
3,1090,692
3,1128,720
3,1091,734
3,1056,741
3,1031,744
3,1006,745
3,971,743
3,949,725
3,1005,708
3,1029,707
3,1054,705
3,1111,717
3,1055,714
3,1030,717
3,1006,717
3,978,633
3,1001,640
3,1026,645
3,1049,637
3,1074,628
4,801,743
4,825,796
4,862,838
4,918,865
4,979,885
4,1044,887
4,1106,875
4,1163,851
4,1216,823
4,1251,783
4,1269,730
4,932,733
4,966,698
4,1001,682
4,1024,686
4,1046,680
4,1085,693
4,1126,721
4,1087,734
4,1052,741
4,1029,743
4,1006,745
4,970,743
4,947,727
4,1002,708
4,1025,708
4,1048,706
4,1109,718
4,1050,715
4,1027,717
4,1004,718
4,977,633
4,999,640
4,1023,645
4,1047,638
4,1071,631
5,798,744
5,821,798
5,858,841
5,914,872
5,978,893
5,1045,896
5,1108,882
5,1164,854
5,1212,819
5,1244,774
5,1259,719
5,935,734
5,968,699
5,1003,683
5,1027,687
5,1050,681
5,1087,694
5,1126,723
5,1088,741
5,1054,749
5,1030,752
5,1006,753
5,971,748
5,952,728
5,1004,710
5,1028,709
5,1051,708
5,1109,721
5,1052,722
5,1029,725
5,1005,725
5,979,633
5,1001,641
5,1025,647
5,1049,639
5,1073,629
6,797,744
6,819,798
6,855,842
6,909,875
6,972,898
6,1041,903
6,1107,889
6,1165,863
6,1215,829
6,1248,784
6,1265,729
6,934,734
6,967,699
6,999,683
6,1023,685
6,1046,680
6,1083,693
6,1123,722
6,1087,744
6,1053,753
6,1030,757
6,1006,757
6,972,751
6,951,728
6,1002,710
6,1025,708
6,1048,706
6,1105,721
6,1050,726
6,1027,729
6,1004,729
6,978,633
6,999,640
6,1023,646
6,1047,638
6,1070,628
7,797,728
7,815,783
7,848,832
7,901,869
7,962,899
7,1029,909
7,1095,898
7,1153,870
7,1205,835
7,1243,790
7,1267,734
7,938,735
7,970,701
7,1003,684
7,1024,688
7,1046,682
7,1082,695
7,1120,725
7,1084,746
7,1051,756
7,1028,759
7,1006,759
7,973,753
7,955,730
7,1004,709
7,1025,708
7,1048,706
7,1101,723
7,1049,730
7,1026,734
7,1004,734
7,980,633
7,1001,641
7,1025,647
7,1049,640
7,1074,631
8,803,741
8,825,796
8,859,842
8,911,875
8,972,898
8,1039,906
8,1105,892
8,1164,864
8,1214,829
8,1249,784
8,1268,729
8,938,735
8,969,701
8,1002,684
8,1025,687
8,1047,681
8,1082,693
8,1120,724
8,1085,742
8,1053,750
8,1030,753
8,1006,754
8,974,751
8,956,730
8,1003,710
8,1026,709
8,1048,707
8,1102,722
8,1051,725
8,1027,728
8,1005,729
8,979,632
8,1000,640
8,1024,645
8,1048,637
8,1071,627
9,801,738
9,824,795
9,858,842
9,910,877
9,973,902
9,1041,906
9,1106,892
9,1163,863
9,1210,825
9,1242,778
9,1260,722
9,941,736
9,971,698
9,1005,680
9,1027,683
9,1047,677
9,1083,693
9,1117,726
9,1085,745
9,1052,755
9,1030,758
9,1007,758
9,974,752
9,958,731
9,1007,707
9,1028,706
9,1048,704
9,1098,724
9,1049,730
9,1028,733
9,1007,733
9,980,630
9,1001,638
9,1025,644
9,1047,636
9,1069,626
10,794,733
10,814,789
10,850,837
10,904,874
10,969,901
10,1038,908
10,1105,894
10,1163,865
10,1215,829
10,1253,784
10,1276,728
10,941,734
10,974,697
10,1007,681
10,1028,684
10,1051,679
10,1088,694
10,1126,725
10,1089,745
10,1055,752
10,1030,755
10,1007,756
10,976,752
10,958,729
10,1008,708
10,1029,707
10,1053,705
10,1107,723
10,1053,724
10,1029,727
10,1007,728
10,982,630
10,1004,638
10,1028,644
10,1053,636
10,1077,627
11,802,740
11,824,796
11,859,843
11,911,879
11,971,904
11,1038,911
11,1102,897
11,1159,868
11,1212,834
11,1249,791
11,1274,736
11,941,737
11,971,699
11,1004,681
11,1025,684
11,1046,678
11,1082,692
11,1120,725
11,1084,748
11,1052,758
11,1029,762
11,1006,762
11,974,756
11,957,731
11,1005,707
11,1026,705
11,1048,703
11,1103,723
11,1049,730
11,1027,735
11,1005,735
11,979,630
11,1000,637
11,1024,642
11,1047,634
11,1071,626
12,794,737
12,816,792
12,850,840
12,903,877
12,965,905
12,1031,912
12,1097,900
12,1155,870
12,1207,833
12,1243,785
12,1263,728
12,939,733
12,970,694
12,1003,677
12,1025,680
12,1047,675
12,1083,690
12,1119,724
12,1084,747
12,1052,756
12,1028,759
12,1004,760
12,973,754
12,957,728
12,1004,707
12,1026,705
12,1049,705
12,1099,723
12,1050,720
12,1027,724
12,1004,724
12,982,628
12,1004,636
12,1027,642
12,1051,634
12,1075,626
13,802,748
13,824,802
13,858,846
13,910,882
13,970,912
13,1036,919
13,1101,903
13,1157,870
13,1207,835
13,1242,790
13,1261,736
13,941,737
13,967,694
13,1001,675
13,1024,677
13,1048,672
13,1083,687
13,1117,725
13,1086,751
13,1053,763
13,1028,767
13,1003,768
13,970,761
13,959,732
13,1002,703
13,1025,701
13,1049,699
13,1099,723
13,1052,733
13,1027,736
13,1003,736
13,978,626
13,999,634
13,1023,640
13,1047,631
13,1069,621
14,803,747
14,827,804
14,864,852
14,916,887
14,976,915
14,1039,920
14,1102,905
14,1158,873
14,1208,836
14,1243,789
14,1265,734
14,939,740
14,966,694
14,1002,674
14,1025,677
14,1049,671
14,1086,687
14,1119,728
14,1089,759
14,1055,773
14,1030,778
14,1005,779
14,969,769
14,956,734
14,1003,703
14,1026,701
14,1049,700
14,1099,726
14,1052,740
14,1028,744
14,1004,745
14,979,627
14,1000,634
14,1024,639
14,1048,631
14,1072,622
15,803,747
15,826,803
15,861,850
15,912,886
15,971,916
15,1036,923
15,1100,908
15,1156,876
15,1205,838
15,1239,788
15,1258,731
15,939,738
15,963,691
15,999,670
15,1024,673
15,1047,668
15,1085,685
15,1116,730
15,1088,762
15,1052,778
15,1027,782
15,1002,781
15,966,770
15,955,734
15,1001,700
15,1025,699
15,1048,697
15,1099,727
15,1050,744
15,1026,748
15,1001,747
15,979,624
15,1000,630
15,1023,636
15,1046,627
15,1069,619
16,796,744
16,822,801
16,859,850
16,911,889
16,973,920
16,1040,927
16,1103,911
16,1159,876
16,1210,839
16,1247,792
16,1273,736
16,939,740
16,965,692
16,1001,670
16,1024,673
16,1047,668
16,1087,685
16,1118,732
16,1088,770
16,1052,787
16,1027,790
16,1003,790
16,967,776
16,955,736
16,1003,699
16,1025,697
16,1047,696
16,1101,730
16,1050,752
16,1027,756
16,1004,755
16,978,625
16,1000,632
16,1025,637
16,1048,629
16,1072,621
17,801,742
17,823,800
17,857,849
17,907,887
17,966,918
17,1030,926
17,1094,913
17,1151,879
17,1202,840
17,1239,791
17,1264,734
17,939,741
17,964,692
17,999,670
17,1024,673
17,1047,667
17,1084,685
17,1114,733
17,1087,770
17,1052,787
17,1027,791
17,1000,790
17,966,777
17,954,737
17,1000,700
17,1024,699
17,1047,698
17,1097,730
17,1050,752
17,1026,755
17,1001,754
17,980,624
17,999,631
17,1022,637
17,1045,629
17,1068,620
18,802,746
18,827,802
18,864,850
18,914,889
18,971,920
18,1034,928
18,1095,913
18,1151,880
18,1202,842
18,1241,796
18,1267,740
18,938,739
18,964,689
18,1001,665
18,1023,668
18,1045,663
18,1084,682
18,1116,731
18,1087,770
18,1051,787
18,1026,792
18,1001,791
18,966,776
18,955,734
18,1002,697
18,1024,694
18,1047,694
18,1098,729
18,1049,748
18,1025,752
18,1002,751
18,979,622
18,999,629
18,1022,635
18,1046,626
18,1069,617
19,802,743
19,826,801
19,860,851
19,909,891
19,968,923
19,1032,931
19,1096,916
19,1149,882
19,1196,844
19,1230,795
19,1252,738
19,938,742
19,961,688
19,998,665
19,1023,668
19,1047,663
19,1086,682
19,1114,732
19,1089,773
19,1052,791
19,1026,795
19,999,794
19,964,781
19,953,737
19,999,696
19,1024,694
19,1048,694
19,1098,730
19,1050,754
19,1024,757
19,999,757
19,979,620
19,999,627
19,1022,633
19,1045,625
19,1066,615
20,802,745
20,825,801
20,860,851
20,910,893
20,967,925
20,1029,935
20,1091,920
20,1146,885
20,1193,844
20,1229,797
20,1253,740
20,937,742
20,959,687
20,998,661
20,1024,664
20,1050,658
20,1089,678
20,1117,730
20,1093,773
20,1057,795
20,1029,800
20,1001,800
20,962,784
20,952,737
20,1000,692
20,1025,689
20,1051,688
20,1101,728
20,1054,759
20,1027,763
20,1000,762
20,978,619
20,998,625
20,1022,630
20,1045,622
20,1069,613
21,808,761
21,834,815
21,868,860
21,916,896
21,971,926
21,1033,934
21,1096,919
21,1152,886
21,1201,848
21,1237,799
21,1260,744
21,937,741
21,960,685
21,997,660
21,1023,663
21,1047,657
21,1088,678
21,1119,732
21,1091,778
21,1054,800
21,1027,804
21,999,804
21,963,787
21,954,736
21,999,691
21,1024,690
21,1048,688
21,1102,730
21,1051,761
21,1025,765
21,999,764
21,980,618
21,1000,624
21,1023,629
21,1045,621
21,1067,612
22,810,757
22,837,812
22,873,858
22,922,895
22,976,926
22,1037,933
22,1097,918
22,1150,884
22,1200,845
22,1237,796
22,1261,741
22,940,742
22,960,682
22,997,657
22,1023,660
22,1049,655
22,1091,676
22,1119,733
22,1094,781
22,1054,803
22,1026,807
22,998,806
22,961,790
22,955,737
22,999,688
22,1024,685
22,1050,685
22,1104,731
22,1052,767
22,1024,771
22,998,769
22,980,617
22,1001,623
22,1024,627
22,1047,620
22,1068,612
23,802,747
23,827,804
23,862,853
23,911,895
23,967,928
23,1031,936
23,1091,921
23,1144,887
23,1191,846
23,1227,796
23,1252,739
23,940,739
23,964,682
23,1002,657
23,1027,660
23,1051,656
23,1090,676
23,1118,729
23,1091,777
23,1055,799
23,1028,804
23,1000,804
23,964,787
23,955,734
23,1002,686
23,1027,685
23,1051,684
23,1101,726
23,1053,760
23,1027,765
23,1001,764
23,981,615
23,1002,622
23,1026,628
23,1050,621
23,1073,612
24,804,750
24,829,806
24,864,856
24,913,896
24,970,926
24,1034,933
24,1095,917
24,1149,883
24,1197,843
24,1233,793
24,1257,736
24,939,736
24,961,679
24,999,655
24,1024,658
24,1048,652
24,1088,672
24,1115,726
24,1090,772
24,1052,794
24,1025,799
24,998,798
24,962,783
24,955,732
24,999,683
24,1024,682
24,1049,681
24,1099,723
24,1051,756
24,1025,761
24,998,760
24,980,616
24,1001,621
24,1025,626
24,1047,617
24,1069,608
25,808,744
25,833,801
25,868,850
25,916,890
25,973,918
25,1035,925
25,1097,909
25,1152,877
25,1199,835
25,1233,785
25,1254,727
25,943,732
25,963,677
25,998,653
25,1023,656
25,1048,650
25,1086,671
25,1115,724
25,1089,769
25,1053,788
25,1026,793
25,999,792
25,965,777
25,959,726
25,1000,680
25,1024,679
25,1049,678
25,1098,721
25,1051,752
25,1025,756
25,999,754
25,979,614
25,1000,621
25,1023,626
25,1047,617
25,1069,607
26,804,745
26,825,800
26,858,848
26,908,884
26,966,911
26,1032,918
26,1095,905
26,1149,877
26,1196,839
26,1228,789
26,1248,733
26,939,729
26,962,676
26,998,653
26,1023,656
26,1048,650
26,1086,669
26,1115,719
26,1088,754
26,1051,771
26,1025,775
26,999,774
26,964,763
26,954,724
26,999,679
26,1024,678
26,1048,676
26,1097,715
26,1050,739
26,1024,743
26,999,742
26,980,614
26,1000,621
26,1023,626
26,1046,617
26,1068,607
27,804,754
27,829,807
27,865,851
27,917,882
27,974,904
27,1038,912
27,1101,898
27,1159,871
27,1210,834
27,1244,787
27,1266,730
27,940,731
27,965,675
27,999,653
27,1024,655
27,1047,651
27,1085,670
27,1116,720
27,1088,750
27,1053,765
27,1027,768
27,1001,768
27,968,758
27,956,723
27,1000,679
27,1025,678
27,1048,677
27,1098,714
27,1051,734
27,1026,738
27,1000,737
27,978,615
27,999,621
27,1023,626
27,1046,618
27,1069,610
28,802,739
28,824,794
28,859,841
28,910,874
28,970,899
28,1034,907
28,1095,894
28,1149,868
28,1197,832
28,1231,786
28,1253,732
28,939,728
28,964,675
28,999,654
28,1025,658
28,1050,653
28,1087,671
28,1117,718
28,1089,748
28,1055,764
28,1028,767
28,1001,767
28,967,756
28,956,721
28,1001,681
28,1026,681
28,1051,679
28,1099,713
28,1053,735
28,1027,739
28,1001,738
28,980,613
28,1000,621
28,1023,628
28,1047,620
28,1070,611
29,802,740
29,826,796
29,861,844
29,914,877
29,974,902
29,1038,910
29,1099,894
29,1153,865
29,1202,827
29,1237,780
29,1258,725
29,941,727
29,967,677
29,1002,657
29,1026,660
29,1049,655
29,1087,673
29,1118,719
29,1090,752
29,1054,769
29,1029,773
29,1004,772
29,969,759
29,957,720
29,1003,683
29,1026,684
29,1050,682
29,1102,714
29,1052,738
29,1028,742
29,1004,740
29,982,616
29,1002,623
29,1025,628
29,1047,621
29,1070,613
30,801,733
30,823,788
30,859,835
30,911,871
30,968,902
30,1029,913
30,1088,901
30,1143,871
30,1195,836
30,1233,788
30,1255,732
30,940,728
30,964,679
30,1000,656
30,1024,660
30,1047,655
30,1083,674
30,1112,722
30,1086,755
30,1052,772
30,1027,776
30,1002,774
30,967,760
30,956,722
30,1001,684
30,1025,684
30,1048,683
30,1094,717
30,1050,739
30,1026,743
30,1002,741
30,985,618
30,1004,623
30,1024,628
30,1045,622
30,1066,615
31,806,738
31,829,793
31,864,840
31,915,876
31,972,904
31,1031,914
31,1090,901
31,1145,870
31,1196,833
31,1232,786
31,1257,730
31,945,732
31,971,682
31,1004,658
31,1025,663
31,1048,658
31,1082,679
31,1110,727
31,1083,762
31,1051,778
31,1027,782
31,1003,780
31,973,766
31,961,725
31,1005,688
31,1026,687
31,1048,687
31,1092,722
31,1050,744
31,1026,747
31,1004,745
31,986,618
31,1004,624
31,1023,628
31,1043,623
31,1063,616
32,814,750
32,840,804
32,878,846
32,930,879
32,986,905
32,1044,910
32,1102,894
32,1155,861
32,1203,824
32,1235,778
32,1254,723
32,956,738
32,979,685
32,1008,659
32,1028,662
32,1045,658
32,1077,681
32,1102,733
32,1079,761
32,1051,775
32,1031,778
32,1010,777
32,983,764
32,974,731
32,1010,688
32,1029,687
32,1046,687
32,1084,727
32,1047,740
32,1029,742
32,1009,740
32,990,620
32,1008,624
32,1027,627
32,1045,621
32,1063,615
33,806,745
33,830,798
33,866,840
33,918,873
33,976,901
33,1034,910
33,1092,896
33,1146,864
33,1194,828
33,1227,781
33,1246,726
33,954,740
33,976,689
33,1007,664
33,1026,668
33,1044,663
33,1073,686
33,1095,736
33,1074,758
33,1047,770
33,1028,773
33,1007,771
33,979,761
33,972,733
33,1008,695
33,1027,694
33,1044,695
33,1076,730
33,1044,735
33,1026,737
33,1007,737
33,988,624
33,1005,628
33,1024,631
33,1042,625
33,1060,619
34,805,734
34,828,790
34,865,834
34,917,868
34,975,897
34,1034,905
34,1092,893
34,1148,861
34,1197,821
34,1231,771
34,1250,712
34,957,739
34,979,692
34,1009,665
34,1027,669
34,1044,663
34,1072,688
34,1093,734
34,1072,756
34,1047,768
34,1028,771
34,1008,770
34,982,761
34,976,734
34,1010,698
34,1027,697
34,1044,697
34,1073,729
34,1045,729
34,1027,732
34,1009,732
34,988,624
34,1006,627
34,1025,629
34,1042,624
34,1061,618
35,805,728
35,825,783
35,860,831
35,913,868
35,975,895
35,1038,903
35,1099,889
35,1157,856
35,1205,815
35,1236,763
35,1252,704
35,960,738
35,980,692
35,1007,667
35,1027,671
35,1045,667
35,1072,689
35,1094,734
35,1072,753
35,1048,763
35,1028,766
35,1007,764
35,982,756
35,977,733
35,1009,698
35,1027,697
35,1045,697
35,1075,729
35,1046,725
35,1027,728
35,1008,727
35,988,622
35,1006,626
35,1025,628
35,1043,623
35,1061,616
36,804,745
36,830,798
36,868,840
36,920,871
36,980,897
36,1040,903
36,1098,889
36,1150,858
36,1197,822
36,1229,774
36,1247,718
36,952,740
36,975,695
36,1005,673
36,1024,676
36,1043,671
36,1074,691
36,1097,736
36,1076,756
36,1048,768
36,1028,771
36,1007,770
36,978,760
36,970,733
36,1007,697
36,1025,696
36,1044,696
36,1079,730
36,1046,741
36,1026,744
36,1006,744
36,984,622
36,1003,628
36,1024,633
36,1043,626
36,1062,617
37,802,729
37,823,783
37,858,829
37,910,866
37,970,895
37,1033,904
37,1094,891
37,1150,859
37,1198,821
37,1233,773
37,1253,717
37,955,738
37,976,692
37,1004,667
37,1024,671
37,1043,665
37,1073,687
37,1096,735
37,1075,751
37,1049,759
37,1028,761
37,1006,760
37,980,752
37,973,731
37,1006,700
37,1025,699
37,1045,699
37,1077,729
37,1046,720
37,1026,722
37,1006,721
37,986,621
37,1004,626
37,1024,631
37,1043,624
37,1063,617
38,803,734
38,823,790
38,857,836
38,908,871
38,966,901
38,1031,913
38,1093,900
38,1149,867
38,1198,828
38,1231,778
38,1249,719
38,945,734
38,970,690
38,1001,669
38,1022,672
38,1042,667
38,1076,685
38,1105,729
38,1078,754
38,1047,765
38,1025,767
38,1003,766
38,973,756
38,964,728
38,1002,699
38,1023,698
38,1043,698
38,1085,724
38,1045,727
38,1024,729
38,1003,728
38,981,619
38,1001,626
38,1024,631
38,1045,624
38,1066,616
39,800,734
39,823,789
39,857,836
39,911,872
39,971,902
39,1036,910
39,1098,898
39,1152,867
39,1202,831
39,1236,787
39,1259,733
39,939,727
39,967,684
39,1002,666
39,1026,670
39,1051,666
39,1088,684
39,1119,726
39,1088,758
39,1052,767
39,1026,769
39,1000,768
39,966,759
39,957,723
39,1003,693
39,1026,693
39,1051,693
39,1099,723
39,1051,731
39,1026,733
39,1001,732
39,981,618
39,1002,624
39,1025,631
39,1049,624
39,1073,618
40,798,739
40,822,796
40,858,840
40,912,871
40,968,902
40,1030,913
40,1091,900
40,1146,868
40,1197,833
40,1235,786
40,1259,730
40,929,728
40,957,684
40,995,663
40,1021,666
40,1045,662
40,1085,681
40,1116,727
40,1086,766
40,1048,778
40,1022,780
40,994,778
40,958,766
40,946,724
40,996,686
40,1021,686
40,1045,686
40,1098,723
40,1048,750
40,1022,751
40,995,750
40,977,619
40,999,625
40,1023,630
40,1046,623
40,1068,615
41,799,739
41,822,793
41,858,839
41,911,873
41,970,902
41,1035,913
41,1098,897
41,1154,865
41,1207,829
41,1244,782
41,1268,726
41,937,737
41,962,688
41,997,664
41,1021,668
41,1044,663
41,1082,684
41,1113,729
41,1084,768
41,1049,782
41,1024,785
41,998,784
41,963,774
41,954,731
41,998,692
41,1022,691
41,1044,691
41,1095,725
41,1047,748
41,1022,750
41,998,750
41,978,621
41,998,627
41,1022,632
41,1044,625
41,1067,617
42,801,735
42,823,791
42,858,836
42,911,871
42,970,900
42,1031,910
42,1090,896
42,1145,864
42,1194,828
42,1228,783
42,1251,728
42,942,736
42,970,690
42,1003,667
42,1023,671
42,1043,667
42,1076,688
42,1104,734
42,1076,767
42,1046,779
42,1023,781
42,1001,780
42,969,768
42,960,730
42,1004,694
42,1023,694
42,1043,694
42,1084,729
42,1044,745
42,1023,747
42,1002,745
42,985,622
42,1003,628
42,1022,632
42,1042,627
42,1062,621
43,801,732
43,824,787
43,861,833
43,916,868
43,975,896
43,1033,905
43,1090,892
43,1144,862
43,1194,825
43,1231,780
43,1255,725
43,954,735
43,976,694
43,1005,672
43,1024,676
43,1042,672
43,1074,693
43,1101,734
43,1075,761
43,1047,771
43,1027,774
43,1006,771
43,978,758
43,971,729
43,1007,700
43,1025,700
43,1043,700
43,1082,730
43,1045,737
43,1025,739
43,1007,736
43,985,624
43,1003,630
43,1023,635
43,1043,629
43,1064,622
44,807,729
44,828,785
44,863,832
44,915,869
44,975,897
44,1035,907
44,1094,892
44,1148,860
44,1197,823
44,1229,775
44,1249,719
44,953,739
44,976,697
44,1005,674
44,1024,678
44,1042,673
44,1072,693
44,1099,734
44,1074,757
44,1047,768
44,1028,770
44,1006,767
44,979,757
44,972,733
44,1006,704
44,1025,703
44,1043,703
44,1080,730
44,1044,729
44,1026,730
44,1006,729
44,984,626
44,1003,630
44,1023,634
44,1042,629
44,1063,623
45,805,731
45,826,785
45,861,832
45,914,869
45,975,898
45,1037,906
45,1098,892
45,1154,859
45,1203,821
45,1237,775
45,1258,720
45,951,734
45,979,695
45,1009,674
45,1027,678
45,1043,672
45,1076,693
45,1105,729
45,1077,753
45,1048,764
45,1030,766
45,1010,765
45,981,756
45,968,727
45,1010,703
45,1027,703
45,1044,702
45,1087,723
45,1046,725
45,1028,728
45,1010,727
45,986,622
45,1005,629
45,1026,634
45,1047,628
45,1068,621
46,805,734
46,826,789
46,860,836
46,912,871
46,972,900
46,1037,908
46,1099,893
46,1156,862
46,1207,823
46,1241,775
46,1262,720
46,944,729
46,974,692
46,1007,673
46,1026,678
46,1047,674
46,1081,692
46,1113,729
46,1082,752
46,1050,760
46,1028,764
46,1006,762
46,975,754
46,962,725
46,1007,702
46,1027,702
46,1047,702
46,1094,725
46,1049,727
46,1027,730
46,1007,729
46,983,621
46,1003,628
46,1024,634
46,1047,628
46,1069,621
47,802,732
47,825,788
47,861,835
47,915,872
47,975,901
47,1038,912
47,1098,896
47,1152,863
47,1201,827
47,1237,781
47,1260,727
47,933,729
47,962,690
47,998,670
47,1020,674
47,1042,669
47,1082,687
47,1119,727
47,1085,763
47,1048,775
47,1024,778
47,1000,776
47,964,764
47,950,726
47,1000,696
47,1021,694
47,1043,694
47,1099,725
47,1046,745
47,1022,747
47,1000,746
47,980,620
47,999,627
47,1022,632
47,1044,626
47,1067,619
48,797,730
48,819,787
48,856,834
48,908,870
48,966,900
48,1029,912
48,1093,899
48,1151,868
48,1206,833
48,1248,789
48,1276,734
48,930,730
48,961,689
48,999,668
48,1022,672
48,1045,667
48,1084,685
48,1121,725
48,1084,759
48,1047,769
48,1022,772
48,997,770
48,962,762
48,946,727
48,1000,699
48,1022,698
48,1046,698
48,1101,724
48,1046,731
48,1022,733
48,999,733
48,980,621
48,1000,627
48,1023,631
48,1045,625
48,1068,618
49,801,738
49,824,793
49,860,838
49,911,873
49,970,904
49,1035,913
49,1098,898
49,1154,867
49,1207,832
49,1246,788
49,1270,733
49,928,730
49,958,688
49,996,666
49,1020,669
49,1044,665
49,1086,685
49,1124,724
49,1088,757
49,1049,768
49,1023,771
49,998,770
49,960,761
49,944,726
49,998,697
49,1021,696
49,1045,696
49,1105,723
49,1047,731
49,1022,733
49,998,733
49,979,623
49,1000,629
49,1022,634
49,1046,626
49,1070,620
50,802,740
50,826,794
50,863,839
50,916,873
50,974,902
50,1037,912
50,1099,898
50,1157,867
50,1211,833
50,1251,787
50,1276,732
50,933,731
50,960,690
50,998,670
50,1022,674
50,1046,669
50,1088,686
50,1124,724
50,1090,758
50,1052,770
50,1026,773
50,1000,772
50,963,762
50,949,727
50,1000,698
50,1023,696
50,1047,696
50,1105,724
50,1049,737
50,1024,740
50,1000,739
50,980,622
50,1001,629
50,1024,634
50,1048,627
50,1071,619
51,803,742
51,826,795
51,862,840
51,913,875
51,971,905
51,1033,914
51,1094,901
51,1149,871
51,1200,837
51,1238,793
51,1262,739
51,931,731
51,962,690
51,1001,670
51,1026,674
51,1051,669
51,1091,687
51,1127,726
51,1093,760
51,1055,773
51,1028,776
51,1001,775
51,963,763
51,948,727
51,1002,698
51,1027,697
51,1052,697
51,1108,724
51,1053,739
51,1027,741
51,1002,741
51,982,624
51,1003,630
51,1026,635
51,1050,628
51,1073,621
52,801,739
52,824,793
52,860,838
52,913,873
52,972,903
52,1034,913
52,1094,901
52,1149,871
52,1199,836
52,1237,790
52,1261,734
52,933,732
52,962,689
52,999,668
52,1023,671
52,1047,666
52,1087,685
52,1122,726
52,1089,760
52,1052,769
52,1026,772
52,1001,771
52,964,762
52,949,728
52,1000,696
52,1023,695
52,1047,694
52,1104,724
52,1050,733
52,1025,736
52,1001,735
52,980,621
52,1000,627
52,1023,632
52,1046,624
52,1069,618
53,802,741
53,825,797
53,862,844
53,915,880
53,975,909
53,1040,916
53,1102,900
53,1157,868
53,1210,832
53,1248,787
53,1272,731
53,936,736
53,965,690
53,1002,668
53,1026,671
53,1050,667
53,1090,687
53,1124,727
53,1091,762
53,1055,775
53,1028,778
53,1002,777
53,966,767
53,952,730
53,1003,695
53,1026,694
53,1051,694
53,1106,725
53,1053,739
53,1027,742
53,1003,742
53,983,623
53,1004,629
53,1026,634
53,1049,627
53,1072,621
54,801,739
54,826,796
54,865,842
54,919,878
54,977,908
54,1041,915
54,1102,899
54,1156,865
54,1207,829
54,1244,782
54,1266,725
54,931,737
54,959,692
54,996,670
54,1021,674
54,1044,667
54,1085,685
54,1123,726
54,1089,765
54,1051,781
54,1025,785
54,999,785
54,961,772
54,945,732
54,997,692
54,1022,691
54,1045,689
54,1104,724
54,1048,753
54,1023,757
54,998,758
54,979,621
54,1000,626
54,1024,631
54,1046,624
54,1068,617
55,806,736
55,829,793
55,864,840
55,915,879
55,975,909
55,1036,917
55,1096,900
55,1149,866
55,1198,829
55,1235,783
55,1259,729
55,935,734
55,963,689
55,1001,668
55,1026,672
55,1049,667
55,1089,685
55,1121,726
55,1090,770
55,1053,788
55,1026,792
55,999,791
55,963,776
55,951,729
55,1002,691
55,1026,691
55,1050,690
55,1103,724
55,1051,756
55,1025,761
55,1000,761
55,982,622
55,1003,628
55,1026,634
55,1049,626
55,1072,619
56,806,739
56,830,796
56,866,843
56,919,880
56,975,910
56,1034,920
56,1093,903
56,1146,870
56,1197,832
56,1233,785
56,1259,729
56,939,740
56,964,690
56,1000,668
56,1023,671
56,1045,667
56,1083,687
56,1114,734
56,1085,776
56,1049,793
56,1024,798
56,999,796
56,965,781
56,955,734
56,1001,693
56,1023,692
56,1046,692
56,1095,730
56,1047,762
56,1023,765
56,999,764
56,981,623
56,1000,630
56,1022,635
56,1044,628
56,1067,621
57,803,744
57,829,799
57,868,845
57,921,881
57,978,910
57,1034,918
57,1090,905
57,1143,873
57,1193,836
57,1230,790
57,1257,736
57,941,744
57,964,690
57,1000,669
57,1023,673
57,1047,669
57,1083,689
57,1110,740
57,1084,780
57,1049,797
57,1024,800
57,998,798
57,964,782
57,955,737
57,1001,694
57,1023,694
57,1047,694
57,1093,734
57,1049,765
57,1024,768
57,999,766
57,983,625
57,1002,631
57,1024,635
57,1045,630
57,1067,624
58,807,738
58,831,795
58,866,843
58,919,881
58,975,912
58,1032,922
58,1089,907
58,1143,875
58,1195,837
58,1234,790
58,1262,735
58,943,743
58,965,691
58,1000,667
58,1021,672
58,1045,667
58,1081,689
58,1106,738
58,1081,780
58,1049,799
58,1023,803
58,998,801
58,966,783
58,959,737
58,1001,696
58,1022,695
58,1045,696
58,1088,734
58,1047,762
58,1022,766
58,999,764
58,985,626
58,1003,632
58,1023,636
58,1044,631
58,1064,625
59,805,740
59,829,795
59,866,842
59,918,880
59,977,911
59,1036,920
59,1091,906
59,1143,874
59,1192,836
59,1229,788
59,1253,732
59,947,747
59,970,693
59,1004,667
59,1024,670
59,1045,666
59,1080,689
59,1108,739
59,1083,775
59,1051,792
59,1028,796
59,1005,795
59,973,781
59,964,740
59,1005,697
59,1026,696
59,1046,696
59,1090,735
59,1049,756
59,1027,760
59,1005,760
59,988,630
59,1006,635
59,1025,638
59,1044,633
59,1064,627
60,811,747
60,835,801
60,870,847
60,921,881
60,979,912
60,1038,920
60,1097,901
60,1152,868
60,1202,830
60,1239,786
60,1264,730
60,954,750
60,973,695
60,1005,668
60,1022,672
60,1041,667
60,1075,691
60,1101,739
60,1079,773
60,1049,790
60,1028,795
60,1007,794
60,978,779
60,971,741
60,1007,700
60,1024,698
60,1042,698
60,1083,734
60,1045,750
60,1025,754
60,1007,753
60,986,626
60,1004,632
60,1023,637
60,1044,630
60,1065,624
61,807,739
61,830,794
61,866,841
61,917,878
61,974,907
61,1033,915
61,1090,901
61,1145,870
61,1194,833
61,1232,788
61,1258,734
61,956,748
61,977,698
61,1006,673
61,1025,677
61,1044,672
61,1075,696
61,1100,743
61,1075,773
61,1047,788
61,1026,791
61,1005,790
61,978,776
61,974,741
61,1007,706
61,1026,704
61,1045,705
61,1081,739
61,1045,750
61,1025,754
61,1005,753
61,987,631
61,1005,636
61,1023,641
61,1043,634
61,1064,628
62,808,734
62,826,789
62,859,837
62,910,874
62,968,904
62,1028,914
62,1089,902
62,1148,871
62,1203,837
62,1245,792
62,1274,738
62,954,745
62,979,700
62,1011,677
62,1027,681
62,1046,677
62,1079,700
62,1109,745
62,1079,770
62,1048,782
62,1027,785
62,1008,783
62,979,770
62,971,739
62,1011,706
62,1028,705
62,1046,705
62,1089,740
62,1047,747
62,1027,749
62,1009,748
62,990,630
62,1008,637
62,1027,642
62,1047,636
62,1069,631
63,806,733
63,828,789
63,862,836
63,915,875
63,975,904
63,1034,913
63,1092,899
63,1147,868
63,1196,831
63,1231,785
63,1253,729
63,957,748
63,979,701
63,1007,677
63,1024,681
63,1042,676
63,1074,700
63,1101,745
63,1074,771
63,1046,782
63,1027,784
63,1008,782
63,982,770
63,976,742
63,1008,707
63,1025,707
63,1042,708
63,1081,741
63,1044,746
63,1026,747
63,1008,746
63,984,629
63,1002,636
63,1023,642
63,1044,635
63,1064,628
64,810,734
64,830,790
64,862,839
64,913,875
64,972,904
64,1030,913
64,1087,900
64,1142,872
64,1192,836
64,1229,790
64,1252,734
64,956,748
64,977,700
64,1005,676
64,1024,682
64,1043,676
64,1075,699
64,1103,744
64,1075,769
64,1046,782
64,1025,784
64,1004,782
64,979,771
64,976,740
64,1006,703
64,1024,703
64,1043,703
64,1083,739
64,1044,748
64,1024,751
64,1005,749
64,985,629
64,1003,636
64,1022,641
64,1043,635
64,1066,628
65,806,734
65,829,791
65,864,838
65,915,876
65,975,904
65,1033,914
65,1093,900
65,1149,868
65,1199,828
65,1233,780
65,1255,726
65,957,747
65,979,701
65,1009,678
65,1025,681
65,1043,677
65,1074,699
65,1100,742
65,1075,769
65,1047,782
65,1028,785
65,1009,783
65,981,771
65,973,740
65,1009,707
65,1026,705
65,1043,705
65,1081,738
65,1045,749
65,1027,751
65,1009,751
65,988,631
65,1006,637
65,1026,641
65,1045,636
65,1066,629
66,804,742
66,827,798
66,864,843
66,917,880
66,977,908
66,1035,916
66,1091,902
66,1145,871
66,1194,832
66,1231,786
66,1255,731
66,956,755
66,978,703
66,1009,678
66,1027,682
66,1045,678
66,1076,701
66,1099,749
66,1074,771
66,1047,782
66,1027,785
66,1008,783
66,980,774
66,974,749
66,1010,711
66,1027,710
66,1045,711
66,1079,745
66,1045,743
66,1026,745
66,1008,745
66,990,632
66,1008,638
66,1028,642
66,1047,637
66,1066,631
67,808,742
67,831,796
67,866,841
67,917,878
67,976,909
67,1035,920
67,1092,904
67,1146,871
67,1197,835
67,1235,789
67,1260,734
67,955,752
67,980,702
67,1012,680
67,1029,684
67,1049,680
67,1079,701
67,1105,749
67,1078,774
67,1049,786
67,1028,788
67,1008,787
67,980,775
67,974,745
67,1012,705
67,1029,704
67,1048,705
67,1085,743
67,1048,752
67,1028,754
67,1009,752
67,990,630
67,1009,636
67,1029,641
67,1049,636
67,1070,630
68,808,733
68,830,790
68,862,838
68,913,877
68,970,909
68,1029,918
68,1087,904
68,1142,870
68,1193,832
68,1231,785
68,1256,729
68,952,757
68,975,704
68,1006,681
68,1027,684
68,1046,680
68,1077,701
68,1101,752
68,1076,774
68,1047,786
68,1025,789
68,1003,789
68,976,780
68,970,749
68,1007,706
68,1026,705
68,1046,705
68,1081,746
68,1046,752
68,1025,755
68,1004,755
68,988,630
68,1007,636
68,1027,641
68,1048,635
68,1069,628
69,806,738
69,829,792
69,863,839
69,913,874
69,971,903
69,1034,909
69,1095,893
69,1151,861
69,1201,824
69,1238,779
69,1260,723
69,944,741
69,972,705
69,1004,685
69,1024,689
69,1042,683
69,1075,699
69,1109,730
69,1079,753
69,1049,764
69,1029,767
69,1007,767
69,975,759
69,961,734
69,1005,709
69,1025,708
69,1044,707
69,1090,727
69,1047,732
69,1027,736
69,1007,735
69,984,627
69,1003,633
69,1023,638
69,1044,631
69,1066,623
70,805,734
70,827,790
70,862,838
70,915,874
70,976,899
70,1040,905
70,1101,889
70,1157,861
70,1208,825
70,1242,779
70,1261,723
70,945,739
70,974,707
70,1004,689
70,1025,693
70,1046,688
70,1080,702
70,1114,729
70,1083,744
70,1052,751
70,1030,754
70,1008,753
70,978,750
70,961,732
70,1006,713
70,1027,713
70,1048,711
70,1096,725
70,1049,724
70,1027,727
70,1006,727
70,983,628
70,1003,634
70,1025,639
70,1046,631
70,1068,624
71,805,737
71,828,792
71,863,837
71,916,871
71,975,897
71,1039,903
71,1101,889
71,1159,859
71,1210,823
71,1246,778
71,1268,722
71,943,736
71,975,704
71,1007,688
71,1028,693
71,1050,688
71,1084,701
71,1120,727
71,1085,745
71,1053,752
71,1031,754
71,1008,753
71,978,748
71,960,729
71,1009,714
71,1029,714
71,1050,713
71,1100,724
71,1051,724
71,1029,726
71,1009,725
71,986,627
71,1005,634
71,1026,638
71,1048,632
71,1070,624
72,804,738
72,827,795
72,863,841
72,917,877
72,978,904
72,1042,908
72,1104,892
72,1161,861
72,1212,824
72,1248,778
72,1269,721
72,936,736
72,968,701
72,1001,684
72,1025,687
72,1049,683
72,1085,696
72,1124,725
72,1088,747
72,1055,755
72,1030,758
72,1005,758
72,972,753
72,952,730
72,1004,710
72,1027,709
72,1051,708
72,1106,723
72,1052,727
72,1028,730
72,1004,730
72,984,627
72,1004,632
72,1026,636
72,1047,630
72,1070,622
73,802,746
73,826,800
73,864,844
73,917,878
73,978,906
73,1042,912
73,1102,897
73,1159,865
73,1211,829
73,1247,783
73,1268,728
73,937,735
73,970,696
73,1006,677
73,1029,681
73,1052,677
73,1091,694
73,1128,728
73,1092,755
73,1056,764
73,1031,767
73,1006,766
73,971,760
73,954,731
73,1007,705
73,1029,704
73,1053,704
73,1108,725
73,1054,732
73,1030,734
73,1007,734
73,985,626
73,1006,631
73,1028,636
73,1050,629
73,1073,624
74,801,733
74,821,789
74,855,836
74,909,873
74,969,904
74,1033,913
74,1096,900
74,1154,868
74,1208,833
74,1247,789
74,1271,733
74,936,733
74,965,692
74,1000,672
74,1024,675
74,1047,670
74,1086,687
74,1122,728
74,1089,759
74,1052,769
74,1027,772
74,1003,771
74,968,762
74,955,728
74,1002,699
74,1024,698
74,1048,698
74,1103,726
74,1050,734
74,1026,736
74,1002,735
74,983,623
74,1003,630
74,1025,636
74,1047,628
74,1069,620
75,804,748
75,829,801
75,866,843
75,920,875
75,978,903
75,1040,911
75,1101,898
75,1158,867
75,1210,833
75,1248,789
75,1272,734
75,940,735
75,970,692
75,1007,671
75,1029,674
75,1052,670
75,1090,689
75,1125,726
75,1093,760
75,1057,771
75,1032,774
75,1008,774
75,972,766
75,957,730
75,1008,698
75,1030,697
75,1053,697
75,1105,724
75,1054,737
75,1030,740
75,1008,740
75,985,624
75,1006,631
75,1028,637
75,1051,630
75,1074,622
76,806,741
76,830,796
76,866,841
76,919,876
76,978,904
76,1040,912
76,1099,897
76,1154,866
76,1204,828
76,1237,781
76,1256,726
76,939,735
76,969,693
76,1004,673
76,1027,676
76,1049,672
76,1089,690
76,1125,727
76,1092,764
76,1054,777
76,1030,779
76,1005,778
76,970,768
76,955,730
76,1006,695
76,1028,694
76,1050,695
76,1107,725
76,1053,752
76,1029,754
76,1005,754
76,985,624
76,1005,630
76,1027,636
76,1049,629
76,1072,622
77,806,736
77,828,792
77,863,840
77,916,876
77,974,907
77,1035,916
77,1094,902
77,1148,871
77,1200,837
77,1239,792
77,1267,738
77,938,740
77,968,695
77,1005,675
77,1025,678
77,1047,674
77,1086,692
77,1121,733
77,1088,769
77,1051,784
77,1026,788
77,1003,787
77,968,776
77,954,734
77,1005,697
77,1026,697
77,1048,696
77,1102,729
77,1050,755
77,1026,758
77,1004,758
77,985,625
77,1005,632
77,1027,638
77,1050,632
77,1072,625
78,808,741
78,831,797
78,867,844
78,921,880
78,977,909
78,1038,918
78,1096,903
78,1153,873
78,1206,837
78,1245,792
78,1273,737
78,940,743
78,969,695
78,1004,673
78,1025,678
78,1047,673
78,1084,692
78,1115,737
78,1086,774
78,1051,789
78,1027,792
78,1003,791
78,969,779
78,956,736
78,1004,698
78,1026,697
78,1048,696
78,1097,732
78,1050,759
78,1026,763
78,1003,762
78,985,625
78,1005,633
78,1026,638
78,1048,631
78,1070,623
79,805,742
79,829,797
79,865,845
79,917,883
79,975,913
79,1032,922
79,1088,909
79,1144,877
79,1197,841
79,1236,795
79,1263,740
79,945,749
79,969,694
79,1003,671
79,1024,675
79,1046,671
79,1084,693
79,1112,743
79,1084,781
79,1049,798
79,1024,801
79,1000,801
79,969,787
79,960,741
79,1004,698
79,1025,697
79,1046,698
79,1095,738
79,1048,765
79,1024,769
79,1002,768
79,988,628
79,1006,634
79,1026,638
79,1047,633
79,1067,627
80,808,749
80,834,805
80,871,851
80,921,889
80,977,919
80,1034,927
80,1090,911
80,1143,877
80,1195,840
80,1235,795
80,1261,740
80,941,757
80,964,700
80,1000,672
80,1023,674
80,1046,669
80,1082,691
80,1106,745
80,1085,782
80,1052,800
80,1027,805
80,1002,806
80,968,794
80,956,750
80,1001,700
80,1024,698
80,1046,698
80,1089,739
80,1049,765
80,1026,770
80,1002,771
80,988,632
80,1005,635
80,1025,637
80,1043,632
80,1063,625
81,818,751
81,843,808
81,878,856
81,928,892
81,983,921
81,1040,928
81,1096,911
81,1151,878
81,1204,840
81,1243,793
81,1269,736
81,945,755
81,967,699
81,1001,673
81,1023,676
81,1045,670
81,1080,692
81,1106,743
81,1083,782
81,1051,803
81,1027,808
81,1002,808
81,970,796
81,959,747
81,1003,702
81,1024,701
81,1046,700
81,1089,737
81,1048,767
81,1025,771
81,1002,772
81,986,634
81,1005,638
81,1025,642
81,1044,636
81,1064,630
82,808,755
82,833,812
82,870,859
82,922,894
82,980,922
82,1039,929
82,1097,912
82,1153,877
82,1202,836
82,1239,784
82,1261,726
82,946,752
82,970,699
82,1005,672
82,1026,676
82,1046,670
82,1079,692
82,1103,740
82,1080,778
82,1049,798
82,1026,803
82,1002,803
82,970,790
82,962,745
82,1005,699
82,1026,698
82,1047,698
82,1085,735
82,1047,761
82,1025,767
82,1002,767
82,986,633
82,1005,638
82,1027,641
82,1045,636
82,1064,629
83,807,746
83,829,803
83,865,852
83,915,889
83,972,919
83,1031,929
83,1088,914
83,1143,880
83,1195,843
83,1235,796
83,1262,741
83,949,759
83,969,701
83,1001,674
83,1021,677
83,1041,670
83,1074,694
83,1099,748
83,1075,783
83,1046,801
83,1024,806
83,1001,805
83,973,792
83,966,751
83,1002,705
83,1022,703
83,1042,703
83,1080,743
83,1044,762
83,1023,766
83,1001,765
83,987,632
83,1004,636
83,1023,639
83,1042,634
83,1062,627
84,805,740
84,827,798
84,861,848
84,911,889
84,969,919
84,1028,928
84,1086,916
84,1144,883
84,1195,843
84,1234,796
84,1262,741
84,956,758
84,974,705
84,1003,679
84,1021,683
84,1041,677
84,1071,702
84,1094,755
84,1071,780
84,1044,796
84,1022,800
84,1002,798
84,976,784
84,973,750
84,1004,713
84,1022,712
84,1041,712
84,1074,749
84,1042,751
84,1022,755
84,1004,753
84,987,633
84,1005,638
84,1025,643
84,1045,637
84,1065,633
85,803,731
85,820,788
85,851,838
85,901,882
85,964,915
85,1029,926
85,1091,911
85,1149,877
85,1198,836
85,1231,787
85,1251,730
85,954,756
85,977,706
85,1007,681
85,1024,685
85,1043,680
85,1072,702
85,1095,750
85,1073,775
85,1047,787
85,1027,791
85,1006,790
85,979,780
85,972,750
85,1008,717
85,1025,715
85,1043,715
85,1075,745
85,1045,743
85,1026,746
85,1008,747
85,990,633
85,1007,639
85,1025,643
85,1044,638
85,1063,632
86,807,742
86,828,801
86,862,849
86,914,888
86,974,915
86,1033,923
86,1089,908
86,1145,879
86,1196,841
86,1233,793
86,1258,737
86,957,758
86,978,706
86,1008,681
86,1023,685
86,1041,680
86,1072,705
86,1096,755
86,1072,779
86,1044,791
86,1025,794
86,1006,792
86,980,781
86,975,751
86,1008,714
86,1024,713
86,1041,714
86,1076,750
86,1042,753
86,1024,756
86,1007,755
86,990,634
86,1007,639
86,1026,643
86,1045,639
86,1065,634
87,811,737
87,833,795
87,866,845
87,916,884
87,975,914
87,1037,923
87,1097,909
87,1154,876
87,1205,837
87,1239,787
87,1261,730
87,959,760
87,980,707
87,1008,680
87,1027,684
87,1045,679
87,1074,704
87,1096,754
87,1074,775
87,1048,785
87,1029,789
87,1008,787
87,983,778
87,978,753
87,1009,715
87,1027,714
87,1045,714
87,1076,748
87,1046,747
87,1027,748
87,1008,748
87,990,634
87,1007,638
87,1026,641
87,1045,636
87,1065,631
88,804,741
88,827,799
88,863,847
88,916,885
88,977,913
88,1038,922
88,1099,907
88,1156,873
88,1208,832
88,1244,782
88,1268,723
88,955,750
88,979,705
88,1010,680
88,1027,683
88,1044,679
88,1074,703
88,1098,747
88,1073,772
88,1045,784
88,1027,787
88,1008,785
88,980,774
88,972,743
88,1011,711
88,1027,710
88,1044,711
88,1077,742
88,1043,748
88,1026,750
88,1009,750
88,986,631
88,1004,638
88,1026,642
88,1046,636
88,1066,629
89,806,738
89,827,797
89,861,848
89,912,886
89,974,913
89,1034,920
89,1094,905
89,1149,874
89,1198,833
89,1232,785
89,1255,731
89,954,753
89,978,704
89,1010,678
89,1027,682
89,1046,678
89,1079,703
89,1104,749
89,1078,776
89,1048,788
89,1028,791
89,1008,790
89,979,777
89,973,747
89,1011,708
89,1028,707
89,1047,708
89,1085,745
89,1047,756
89,1027,759
89,1009,759
89,993,633
89,1010,639
89,1027,642
89,1045,638
89,1065,634
90,805,737
90,826,794
90,859,844
90,912,884
90,973,913
90,1032,922
90,1092,907
90,1151,874
90,1204,836
90,1241,789
90,1266,732
90,951,753
90,973,703
90,1005,678
90,1022,682
90,1040,678
90,1074,701
90,1101,748
90,1075,776
90,1045,788
90,1026,790
90,1006,788
90,975,777
90,969,746
90,1006,710
90,1023,708
90,1041,709
90,1082,745
90,1043,755
90,1024,757
90,1006,756
90,986,633
90,1005,637
90,1024,641
90,1044,636
90,1064,631
91,804,735
91,823,791
91,856,842
91,907,884
91,969,915
91,1030,924
91,1089,911
91,1145,878
91,1196,837
91,1233,789
91,1257,733
91,956,754
91,982,704
91,1013,679
91,1030,684
91,1049,680
91,1079,705
91,1102,750
91,1077,775
91,1049,787
91,1028,790
91,1009,789
91,982,777
91,975,747
91,1013,711
91,1030,711
91,1048,712
91,1083,746
91,1048,751
91,1029,753
91,1011,752
91,992,633
91,1009,638
91,1027,643
91,1046,638
91,1066,633
92,804,739
92,825,798
92,859,849
92,912,889
92,976,919
92,1037,926
92,1095,911
92,1152,877
92,1202,837
92,1239,788
92,1263,731
92,955,757
92,978,704
92,1008,677
92,1025,681
92,1045,677
92,1075,703
92,1099,751
92,1074,774
92,1047,786
92,1026,789
92,1007,787
92,980,775
92,973,750
92,1009,711
92,1026,710
92,1045,711
92,1078,747
92,1045,745
92,1025,747
92,1008,746
92,988,631
92,1006,637
92,1026,641
92,1046,636
92,1067,630
93,802,746
93,825,802
93,858,849
93,909,887
93,968,917
93,1028,928
93,1087,914
93,1147,881
93,1201,843
93,1240,796
93,1268,740
93,955,757
93,975,703
93,1004,676
93,1021,681
93,1039,676
93,1070,701
93,1095,754
93,1069,778
93,1042,790
93,1022,793
93,1002,791
93,977,780
93,972,750
93,1005,710
93,1022,709
93,1040,710
93,1075,748
93,1040,748
93,1021,750
93,1004,749
93,987,633
93,1004,638
93,1023,642
93,1043,636
93,1062,630
94,807,743
94,828,801
94,861,852
94,912,891
94,972,919
94,1030,928
94,1089,913
94,1147,881
94,1200,842
94,1240,793
94,1267,735
94,957,752
94,979,697
94,1009,673
94,1024,678
94,1042,673
94,1072,699
94,1096,751
94,1069,780
94,1042,794
94,1022,797
94,1004,795
94,978,780
94,973,746
94,1009,705
94,1024,704
94,1042,706
94,1077,747
94,1041,755
94,1022,758
94,1006,757
94,988,632
94,1005,639
94,1024,643
94,1044,638
94,1064,632
95,806,744
95,829,800
95,863,848
95,913,885
95,972,914
95,1032,923
95,1092,909
95,1149,876
95,1200,838
95,1237,788
95,1260,730
95,952,749
95,970,700
95,998,674
95,1017,678
95,1037,673
95,1069,695
95,1096,745
95,1072,775
95,1043,789
95,1022,793
95,1000,791
95,974,778
95,968,743
95,1000,701
95,1019,699
95,1037,699
95,1078,739
95,1040,754
95,1020,757
95,1000,756
95,983,629
95,1000,635
95,1020,640
95,1040,633
95,1060,626
96,804,741
96,827,798
96,861,847
96,912,887
96,969,916
96,1027,927
96,1083,915
96,1138,886
96,1187,847
96,1226,800
96,1254,744
96,948,751
96,969,698
96,999,673
96,1020,677
96,1040,672
96,1072,695
96,1097,748
96,1073,779
96,1044,793
96,1022,796
96,999,794
96,972,780
96,965,744
96,1000,702
96,1020,701
96,1040,702
96,1079,742
96,1042,756
96,1021,758
96,1001,756
96,984,632
96,1002,637
96,1022,640
96,1041,635
96,1061,629
97,808,746
97,831,802
97,865,848
97,914,885
97,970,915
97,1029,924
97,1088,909
97,1143,878
97,1193,842
97,1231,796
97,1255,741
97,947,751
97,967,696
97,998,671
97,1019,674
97,1038,669
97,1073,692
97,1098,746
97,1074,780
97,1043,797
97,1022,801
97,999,800
97,969,785
97,962,744
97,1000,699
97,1020,698
97,1039,698
97,1080,741
97,1041,764
97,1020,768
97,999,766
97,983,629
97,1000,634
97,1019,637
97,1038,632
97,1058,626
98,805,751
98,830,807
98,865,853
98,918,889
98,975,917
98,1037,925
98,1095,908
98,1150,875
98,1200,837
98,1235,786
98,1257,729
98,946,750
98,969,696
98,1001,671
98,1022,674
98,1043,670
98,1077,692
98,1102,744
98,1078,776
98,1047,790
98,1024,794
98,1001,793
98,971,781
98,962,742
98,1003,698
98,1023,696
98,1044,697
98,1085,738
98,1045,757
98,1023,759
98,1001,758
98,985,628
98,1004,633
98,1024,637
98,1043,631
98,1063,625
99,805,747
99,828,804
99,860,852
99,911,891
99,969,920
99,1029,930
99,1090,917
99,1147,884
99,1199,844
99,1234,794
99,1257,736
99,943,746
99,965,699
99,998,678
99,1020,682
99,1041,678
99,1076,698
99,1104,745
99,1076,778
99,1043,792
99,1021,794
99,997,793
99,966,780
99,960,740
99,999,701
99,1021,701
99,1041,702
99,1085,739
99,1042,760
99,1020,763
99,997,762
99,981,627
99,1000,634
99,1021,639
99,1042,632
99,1064,624
100,802,752
100,827,808
100,862,856
100,913,895
100,972,929
100,1037,936
100,1099,920
100,1157,884
100,1208,845
100,1244,795
100,1267,738
100,940,751
100,962,697
100,998,673
100,1020,677
100,1041,673
100,1079,695
100,1110,743
100,1081,779
100,1047,793
100,1023,796
100,999,795
100,965,783
100,957,744
100,999,703
100,1021,702
100,1042,703
100,1091,739
100,1044,755
100,1022,758
100,999,757
100,981,626
100,1001,633
100,1022,637
100,1044,631
100,1066,624
101,800,734
101,821,794
101,852,847
101,901,892
101,961,928
101,1030,941
101,1096,925
101,1156,890
101,1206,847
101,1243,796
101,1268,736
101,937,746
101,962,698
101,998,675
101,1020,679
101,1043,675
101,1082,697
101,1114,745
101,1084,788
101,1047,802
101,1021,805
101,996,803
101,963,789
101,953,743
101,999,705
101,1021,704
101,1043,705
101,1095,743
101,1045,763
101,1021,765
101,998,763
101,981,625
101,1001,632
101,1023,638
101,1046,631
101,1067,623
102,801,751
102,822,807
102,855,857
102,903,900
102,961,936
102,1025,948
102,1089,934
102,1147,899
102,1197,857
102,1233,807
102,1258,749
102,934,748
102,960,699
102,997,675
102,1022,679
102,1046,675
102,1086,697
102,1119,746
102,1088,791
102,1050,807
102,1023,810
102,996,808
102,960,792
102,950,745
102,998,704
102,1022,703
102,1046,704
102,1101,744
102,1048,770
102,1023,772
102,997,770
102,981,625
102,1000,632
102,1023,637
102,1046,630
102,1068,622
103,805,754
103,828,811
103,861,860
103,910,901
103,966,935
103,1031,947
103,1095,932
103,1153,898
103,1205,859
103,1243,809
103,1270,751
103,934,751
103,959,702
103,996,679
103,1020,683
103,1044,679
103,1085,700
103,1120,748
103,1086,796
103,1048,813
103,1021,817
103,995,815
103,959,799
103,949,748
103,998,707
103,1021,706
103,1045,707
103,1102,746
103,1045,774
103,1020,776
103,996,774
103,982,627
103,1000,634
103,1022,639
103,1044,632
103,1066,626
104,803,760
104,826,816
104,858,864
104,905,907
104,959,943
104,1025,955
104,1093,943
104,1153,908
104,1205,864
104,1245,813
104,1272,754
104,936,757
104,959,709
104,994,684
104,1018,687
104,1040,682
104,1081,704
104,1115,751
104,1083,796
104,1046,814
104,1020,818
104,994,817
104,959,801
104,953,754
104,996,718
104,1019,716
104,1041,717
104,1095,750
104,1042,770
104,1019,774
104,994,773
104,980,629
104,998,635
104,1020,640
104,1041,633
104,1060,624
105,803,745
105,824,803
105,855,857
105,905,904
105,966,940
105,1032,951
105,1096,934
105,1154,895
105,1204,850
105,1238,798
105,1262,738
105,940,750
105,968,714
105,1001,696
105,1022,700
105,1043,695
105,1078,712
105,1112,744
105,1080,779
105,1048,793
105,1024,796
105,1001,795
105,970,783
105,955,746
105,1003,721
105,1023,720
105,1044,720
105,1093,743
105,1046,758
105,1024,762
105,1002,761
105,985,630
105,1003,638
105,1025,644
105,1045,636
105,1065,628
106,802,745
106,823,806
106,856,858
106,906,900
106,968,931
106,1031,939
106,1094,923
106,1150,888
106,1199,845
106,1232,792
106,1251,733
106,942,748
106,973,720
106,1003,704
106,1024,708
106,1044,703
106,1076,715
106,1112,739
106,1078,763
106,1048,771
106,1027,775
106,1005,774
106,974,768
106,958,744
106,1004,724
106,1024,724
106,1045,723
106,1094,737
106,1046,746
106,1025,750
106,1005,749
106,985,632
106,1003,639
106,1023,644
106,1043,637
106,1063,628
107,800,744
107,822,804
107,856,855
107,908,895
107,969,922
107,1031,930
107,1091,915
107,1149,885
107,1200,846
107,1236,796
107,1259,737
107,945,747
107,976,723
107,1005,710
107,1023,714
107,1042,709
107,1072,719
107,1107,739
107,1073,756
107,1046,760
107,1027,763
107,1007,763
107,979,759
107,960,743
107,1007,729
107,1024,729
107,1043,727
107,1091,736
107,1045,743
107,1025,746
107,1008,745
107,988,638
107,1005,644
107,1024,648
107,1043,641
107,1062,633
108,801,742
108,822,801
108,854,852
108,907,893
108,970,918
108,1033,925
108,1094,910
108,1152,881
108,1204,841
108,1238,792
108,1260,734
108,943,746
108,975,722
108,1004,710
108,1023,714
108,1044,708
108,1077,719
108,1116,739
108,1080,757
108,1049,761
108,1029,763
108,1009,762
108,979,760
108,960,743
108,1006,727
108,1024,728
108,1045,726
108,1101,737
108,1047,744
108,1027,746
108,1008,745
108,983,633
108,1002,641
108,1023,647
108,1044,639
108,1066,630
109,798,729
109,820,789
109,852,843
109,904,886
109,967,915
109,1031,924
109,1094,910
109,1153,879
109,1203,837
109,1236,785
109,1256,724
109,951,743
109,980,721
109,1007,707
109,1025,712
109,1044,706
109,1074,717
109,1113,737
109,1076,754
109,1048,757
109,1029,759
109,1009,758
109,982,755
109,966,740
109,1008,725
109,1026,726
109,1045,724
109,1095,735
109,1046,740
109,1027,743
109,1009,742
109,985,632
109,1003,640
109,1024,645
109,1045,636
109,1066,628
110,797,738
110,818,798
110,852,849
110,905,888
110,968,915
110,1035,922
110,1100,908
110,1160,875
110,1211,832
110,1242,779
110,1260,718
110,946,746
110,977,722
110,1006,708
110,1026,712
110,1045,706
110,1076,716
110,1114,735
110,1078,749
110,1051,753
110,1030,755
110,1010,756
110,981,755
110,961,742
110,1008,726
110,1027,727
110,1047,724
110,1097,733
110,1048,737
110,1028,741
110,1009,740
110,985,633
110,1003,640
110,1023,644
110,1043,637
110,1063,629
111,799,739
111,819,797
111,852,846
111,905,884
111,967,910
111,1031,918
111,1094,905
111,1153,876
111,1205,838
111,1239,789
111,1259,731
111,946,744
111,979,717
111,1008,701
111,1027,705
111,1045,699
111,1077,712
111,1114,734
111,1077,750
111,1048,753
111,1029,755
111,1009,755
111,981,754
111,963,739
111,1009,721
111,1028,721
111,1046,719
111,1095,732
111,1047,732
111,1028,734
111,1009,733
111,984,630
111,1002,637
111,1024,642
111,1044,634
111,1066,627
112,803,744
112,826,801
112,862,848
112,915,884
112,976,910
112,1039,915
112,1101,901
112,1156,869
112,1207,833
112,1242,787
112,1264,730
112,946,742
112,977,710
112,1006,693
112,1025,696
112,1044,692
112,1076,706
112,1112,732
112,1078,749
112,1049,755
112,1029,758
112,1009,758
112,979,755
112,962,736
112,1007,716
112,1026,716
112,1045,714
112,1092,730
112,1047,726
112,1027,729
112,1008,729
112,985,630
112,1004,637
112,1024,642
112,1046,634
112,1066,627
113,803,735
113,826,793
113,862,840
113,917,876
113,978,905
113,1041,913
113,1102,897
113,1159,863
113,1211,826
113,1245,779
113,1266,722
113,949,739
113,976,700
113,1005,681
113,1024,684
113,1043,680
113,1075,696
113,1107,730
113,1078,752
113,1048,762
113,1028,764
113,1008,763
113,979,756
113,966,733
113,1007,706
113,1025,704
113,1044,704
113,1087,727
113,1046,730
113,1027,732
113,1008,732
113,984,630
113,1003,637
113,1024,642
113,1046,634
113,1068,626
114,801,740
114,824,795
114,862,841
114,920,875
114,982,902
114,1045,909
114,1106,894
114,1162,861
114,1212,824
114,1245,776
114,1262,720
114,950,736
114,976,691
114,1008,670
114,1031,673
114,1053,667
114,1088,685
114,1117,727
114,1092,755
114,1061,768
114,1036,771
114,1012,770
114,980,759
114,968,729
114,1010,697
114,1032,696
114,1054,694
114,1098,722
114,1057,734
114,1034,737
114,1011,735
114,983,629
114,1004,636
114,1027,642
114,1050,633
114,1074,623
115,804,743
115,831,798
115,871,844
115,926,876
115,986,902
115,1048,909
115,1108,896
115,1157,864
115,1206,830
115,1241,782
115,1264,726
115,949,734
115,972,684
115,1007,663
115,1031,666
115,1054,660
115,1093,679
115,1120,727
115,1097,761
115,1063,773
115,1038,776
115,1012,775
115,977,763
115,963,728
115,1009,690
115,1032,690
115,1056,688
115,1105,723
115,1060,745
115,1035,748
115,1011,746
115,985,623
115,1006,630
115,1028,635
115,1050,627
115,1072,619
116,808,737
116,832,793
116,872,840
116,929,872
116,989,900
116,1053,907
116,1115,891
116,1168,857
116,1217,821
116,1250,771
116,1271,715
116,948,725
116,972,675
116,1006,656
116,1033,660
116,1062,654
116,1102,672
116,1129,720
116,1106,758
116,1070,775
116,1039,778
116,1010,777
116,975,761
116,964,718
116,1008,683
116,1034,682
116,1063,681
116,1114,715
116,1067,743
116,1037,747
116,1009,744
116,985,621
116,1007,629
116,1031,636
116,1055,628
116,1078,619
117,803,741
117,830,796
117,870,840
117,923,873
117,980,900
117,1041,909
117,1100,898
117,1153,868
117,1203,830
117,1239,780
117,1264,722
117,953,728
117,975,679
117,1010,659
117,1032,664
117,1055,658
117,1093,681
117,1120,731
117,1095,767
117,1062,781
117,1036,783
117,1012,780
117,978,764
117,966,722
117,1011,682
117,1033,683
117,1056,682
117,1105,726
117,1060,749
117,1035,752
117,1011,749
117,984,619
117,1007,628
117,1030,634
117,1054,626
117,1077,618
118,807,738
118,833,796
118,876,844
118,931,878
118,991,904
118,1051,909
118,1110,896
118,1165,864
118,1219,827
118,1258,780
118,1279,723
118,955,733
118,979,681
118,1012,656
118,1033,663
118,1056,657
118,1093,682
118,1121,732
118,1094,771
118,1062,785
118,1037,788
118,1014,786
118,982,770
118,968,727
118,1014,685
118,1034,685
118,1058,684
118,1105,729
118,1059,751
118,1034,755
118,1012,752
118,988,621
118,1010,627
118,1032,632
118,1056,627
118,1079,621
119,805,745
119,834,800
119,876,845
119,931,878
119,990,903
119,1050,908
119,1109,896
119,1160,866
119,1210,832
119,1248,788
119,1273,732
119,953,737
119,977,688
119,1011,666
119,1036,670
119,1061,664
119,1096,685
119,1120,734
119,1097,769
119,1067,786
119,1040,790
119,1013,788
119,981,771
119,967,732
119,1012,687
119,1036,688
119,1061,686
119,1104,731
119,1064,757
119,1038,761
119,1012,759
119,988,627
119,1009,632
119,1032,636
119,1054,630
119,1077,624
120,806,741
120,834,799
120,877,845
120,933,877
120,992,902
120,1052,907
120,1112,892
120,1163,860
120,1213,823
120,1251,778
120,1276,725
120,958,742
120,982,695
120,1015,670
120,1035,675
120,1055,668
120,1091,690
120,1116,736
120,1093,772
120,1063,788
120,1040,792
120,1018,791
120,986,777
120,973,738
120,1017,697
120,1036,696
120,1057,695
120,1100,735
120,1059,758
120,1037,762
120,1016,761
120,990,629
120,1010,634
120,1031,637
120,1052,632
120,1073,627
121,806,743
121,832,800
121,872,847
121,927,880
121,986,902
121,1045,909
121,1105,897
121,1160,865
121,1214,832
121,1256,786
121,1281,730
121,951,730
121,978,690
121,1010,670
121,1031,675
121,1053,672
121,1088,693
121,1118,733
121,1087,769
121,1056,783
121,1032,785
121,1008,782
121,978,765
121,966,727
121,1011,691
121,1032,692
121,1054,693
121,1101,732
121,1054,753
121,1030,756
121,1008,752
121,989,628
121,1009,633
121,1029,639
121,1052,634
121,1075,629
122,799,741
122,823,798
122,862,845
122,916,879
122,979,905
122,1043,913
122,1105,898
122,1160,865
122,1209,826
122,1243,778
122,1264,722
122,950,731
122,976,690
122,1010,669
122,1029,673
122,1050,668
122,1084,687
122,1111,727
122,1087,759
122,1057,775
122,1034,778
122,1012,777
122,979,762
122,965,726
122,1010,694
122,1030,694
122,1051,692
122,1094,725
122,1055,744
122,1033,749
122,1012,747
122,989,628
122,1008,634
122,1029,640
122,1051,633
122,1072,626
123,803,740
123,827,796
123,865,844
123,918,878
123,979,901
123,1040,907
123,1099,895
123,1153,866
123,1203,830
123,1238,784
123,1262,730
123,946,731
123,971,685
123,1006,666
123,1027,670
123,1050,665
123,1086,686
123,1115,730
123,1087,759
123,1054,772
123,1029,774
123,1006,772
123,974,759
123,960,726
123,1007,692
123,1028,692
123,1052,692
123,1098,727
123,1052,744
123,1028,747
123,1006,745
123,986,630
123,1005,638
123,1026,644
123,1048,637
123,1071,629
124,801,737
124,827,795
124,865,843
124,920,878
124,982,901
124,1046,908
124,1111,892
124,1167,860
124,1218,821
124,1254,773
124,1277,717
124,948,724
124,976,689
124,1008,672
124,1031,676
124,1055,671
124,1090,687
124,1119,722
124,1091,752
124,1059,766
124,1034,769
124,1009,767
124,977,755
124,964,722
124,1009,693
124,1032,694
124,1056,692
124,1103,720
124,1057,735
124,1032,738
124,1008,737
124,989,628
124,1009,634
124,1031,638
124,1053,631
124,1074,624
125,802,744
125,826,800
125,863,849
125,917,885
125,977,911
125,1040,918
125,1102,904
125,1157,871
125,1205,832
125,1241,784
125,1265,728
125,954,737
125,976,688
125,1008,664
125,1027,669
125,1049,663
125,1084,687
125,1110,738
125,1086,769
125,1055,780
125,1032,781
125,1009,780
125,979,769
125,971,732
125,1009,689
125,1028,689
125,1050,689
125,1091,733
125,1053,746
125,1030,748
125,1009,746
125,986,625
125,1006,632
125,1027,637
125,1049,630
125,1070,623
126,803,755
126,828,813
126,867,863
126,921,900
126,982,928
126,1048,934
126,1110,918
126,1163,881
126,1210,840
126,1244,791
126,1265,734
126,945,743
126,966,691
126,1003,668
126,1027,672
126,1051,666
126,1090,688
126,1118,737
126,1093,784
126,1059,803
126,1031,806
126,1004,805
126,968,787
126,960,737
126,1005,693
126,1028,693
126,1052,692
126,1100,734
126,1056,772
126,1029,775
126,1004,774
126,986,628
126,1006,635
126,1029,642
126,1051,634
126,1073,625
127,801,756
127,827,813
127,867,863
127,921,901
127,982,930
127,1047,937
127,1110,920
127,1164,885
127,1214,847
127,1248,799
127,1271,741
127,940,748
127,960,687
127,999,662
127,1027,666
127,1056,661
127,1098,683
127,1122,744
127,1102,790
127,1064,809
127,1033,813
127,1001,811
127,963,791
127,956,741
127,1001,692
127,1028,691
127,1057,691
127,1105,739
127,1061,774
127,1030,777
127,1001,775
127,983,629
127,1005,636
127,1028,642
127,1052,634
127,1074,625
128,808,755
128,833,812
128,871,859
128,924,897
128,983,926
128,1047,933
128,1110,918
128,1163,884
128,1213,846
128,1249,798
128,1271,740
128,936,742
128,958,686
128,997,663
128,1026,667
128,1059,662
128,1100,683
128,1127,738
128,1105,781
128,1066,797
128,1032,801
128,1000,799
128,961,782
128,950,738
128,998,692
128,1028,691
128,1060,690
128,1111,735
128,1064,765
128,1030,769
128,999,766
128,985,628
128,1006,636
128,1029,644
128,1052,634
128,1074,625
129,800,744
129,826,803
129,865,851
129,920,887
129,979,915
129,1046,924
129,1109,909
129,1162,875
129,1211,836
129,1247,788
129,1270,732
129,934,739
129,961,685
129,999,666
129,1028,669
129,1056,663
129,1097,682
129,1127,733
129,1102,779
129,1064,796
129,1033,799
129,1002,797
129,963,781
129,947,734
129,1001,692
129,1029,691
129,1057,690
129,1111,730
129,1061,768
129,1031,771
129,1002,770
129,983,628
129,1004,637
129,1027,646
129,1051,636
129,1074,624
130,804,745
130,828,803
130,868,850
130,924,885
130,984,913
130,1050,920
130,1111,904
130,1162,870
130,1208,832
130,1242,786
130,1264,730
130,936,735
130,962,685
130,1002,666
130,1032,670
130,1062,664
130,1103,682
130,1132,730
130,1108,768
130,1069,784
130,1037,787
130,1004,785
130,965,769
130,949,730
130,1003,693
130,1033,693
130,1064,692
130,1116,727
130,1067,756
130,1035,758
130,1004,756
130,983,629
130,1005,638
130,1030,645
130,1054,636
130,1078,628
131,803,739
131,826,796
131,865,844
131,921,879
131,983,907
131,1050,914
131,1113,900
131,1168,867
131,1217,828
131,1251,780
131,1271,723
131,936,731
131,964,685
131,1005,667
131,1032,671
131,1061,666
131,1103,683
131,1135,727
131,1107,763
131,1068,775
131,1037,777
131,1008,775
131,968,761
131,950,726
131,1006,696
131,1033,696
131,1062,695
131,1119,725
131,1066,742
131,1035,744
131,1007,742
131,985,630
131,1006,638
131,1029,645
131,1053,636
131,1077,627
132,800,747
132,826,805
132,869,851
132,926,884
132,987,909
132,1050,916
132,1110,900
132,1164,866
132,1215,828
132,1253,781
132,1276,723
132,933,732
132,962,686
132,1003,669
132,1031,672
132,1060,667
132,1102,683
132,1133,722
132,1104,762
132,1066,778
132,1035,782
132,1005,781
132,965,768
132,946,727
132,1005,694
132,1033,694
132,1062,692
132,1119,721
132,1064,754
132,1033,758
132,1005,757
132,986,630
132,1008,639
132,1031,646
132,1055,636
132,1078,627
133,801,745
133,827,802
133,868,849
133,924,882
133,985,909
133,1049,915
133,1109,900
133,1163,866
133,1212,828
133,1248,780
133,1269,723
133,932,731
133,962,687
133,1003,670
133,1031,674
133,1061,669
133,1103,684
133,1137,721
133,1106,763
133,1067,779
133,1035,783
133,1004,782
133,964,769
133,944,728
133,1004,695
133,1032,694
133,1062,692
133,1121,721
133,1065,754
133,1033,758
133,1004,757
133,984,630
133,1006,638
133,1030,646
133,1054,636
133,1076,627
134,806,744
134,830,800
134,869,846
134,923,880
134,982,910
134,1048,918
134,1110,902
134,1164,869
134,1215,833
134,1254,787
134,1277,730
134,937,730
134,965,688
134,1004,671
134,1031,675
134,1059,670
134,1101,685
134,1136,723
134,1104,762
134,1064,776
134,1034,779
134,1006,778
134,967,765
134,950,726
134,1005,695
134,1032,695
134,1060,694
134,1120,722
134,1063,749
134,1033,752
134,1005,749
134,982,630
134,1004,639
134,1028,646
134,1053,637
134,1077,628
135,805,751
135,830,806
135,868,852
135,923,887
135,983,915
135,1047,922
135,1108,905
135,1162,872
135,1213,835
135,1250,788
135,1274,731
135,933,735
135,964,694
135,1003,677
135,1029,679
135,1055,675
135,1097,691
135,1134,727
135,1100,771
135,1060,786
135,1031,790
135,1003,789
135,965,774
135,947,732
135,1004,697
135,1030,697
135,1056,696
135,1117,726
135,1057,761
135,1030,764
135,1003,764
135,983,631
135,1005,639
135,1028,646
135,1052,637
135,1075,630
136,811,751
136,836,808
136,873,855
136,927,890
136,987,917
136,1049,923
136,1107,909
136,1160,874
136,1212,837
136,1249,792
136,1274,735
136,941,746
136,968,698
136,1005,679
136,1029,683
136,1053,678
136,1093,695
136,1128,736
136,1097,781
136,1060,796
136,1033,800
136,1007,800
136,971,786
136,955,740
136,1007,701
136,1030,701
136,1055,699
136,1110,733
136,1058,769
136,1031,773
136,1006,773
136,985,631
136,1005,640
136,1028,647
136,1051,638
136,1074,629
137,806,744
137,828,800
137,863,849
137,917,887
137,979,920
137,1042,929
137,1103,912
137,1157,877
137,1205,837
137,1239,787
137,1261,731
137,941,747
137,969,700
137,1007,681
137,1029,684
137,1053,680
137,1091,698
137,1123,740
137,1096,788
137,1061,806
137,1034,810
137,1009,810
137,971,794
137,957,741
137,1008,704
137,1030,703
137,1054,703
137,1104,736
137,1058,774
137,1032,776
137,1009,776
137,988,636
137,1008,643
137,1030,649
137,1053,642
137,1074,634
138,809,746
138,833,804
138,871,852
138,925,892
138,985,923
138,1046,931
138,1104,914
138,1157,878
138,1205,836
138,1241,785
138,1264,729
138,944,750
138,972,700
138,1009,680
138,1032,684
138,1056,679
138,1093,700
138,1120,745
138,1095,793
138,1060,811
138,1034,814
138,1008,812
138,972,794
138,961,744
138,1010,705
138,1032,705
138,1055,705
138,1101,741
138,1058,775
138,1032,778
138,1009,777
138,991,636
138,1009,642
138,1030,647
138,1052,641
138,1073,635
139,809,746
139,834,805
139,871,855
139,922,896
139,981,928
139,1042,936
139,1100,920
139,1154,885
139,1204,844
139,1242,794
139,1268,738
139,943,756
139,966,704
139,1002,682
139,1026,685
139,1051,680
139,1089,699
139,1117,748
139,1093,794
139,1058,813
139,1030,817
139,1002,815
139,968,798
139,959,750
139,1004,709
139,1027,709
139,1052,708
139,1099,744
139,1055,778
139,1028,783
139,1003,782
139,989,641
139,1007,647
139,1026,652
139,1048,645
139,1069,638
140,806,743
140,831,800
140,867,853
140,918,894
140,978,926
140,1040,934
140,1098,920
140,1153,884
140,1202,841
140,1240,790
140,1265,732
140,949,756
140,973,707
140,1009,683
140,1030,687
140,1052,682
140,1089,704
140,1113,752
140,1090,799
140,1056,818
140,1032,820
140,1008,819
140,974,801
140,964,750
140,1010,709
140,1030,709
140,1052,709
140,1096,748
140,1055,782
140,1032,785
140,1010,783
140,993,640
140,1011,644
140,1029,649
140,1049,644
140,1071,639
141,811,756
141,836,814
141,874,863
141,924,901
141,980,933
141,1040,941
141,1096,926
141,1149,891
141,1197,849
141,1232,798
141,1255,741
141,948,757
141,970,705
141,1005,680
141,1028,685
141,1051,679
141,1089,701
141,1113,751
141,1092,797
141,1057,818
141,1031,821
141,1005,818
141,971,799
141,964,751
141,1007,706
141,1029,706
141,1052,705
141,1095,746
141,1055,782
141,1030,786
141,1006,783
141,992,640
141,1010,643
141,1028,646
141,1047,641
141,1066,635
142,809,757
142,834,815
142,871,865
142,921,904
142,978,936
142,1036,946
142,1092,931
142,1146,895
142,1197,855
142,1237,806
142,1264,748
142,947,764
142,970,712
142,1004,685
142,1025,688
142,1045,683
142,1083,709
142,1110,762
142,1085,807
142,1052,827
142,1028,831
142,1004,829
142,972,809
142,965,758
142,1006,713
142,1026,712
142,1046,713
142,1090,758
142,1049,789
142,1027,793
142,1005,791
142,990,640
142,1008,644
142,1027,648
142,1048,644
142,1069,639
143,806,750
143,831,808
143,868,861
143,918,904
143,974,940
143,1034,953
143,1093,936
143,1149,899
143,1200,855
143,1239,803
143,1267,744
143,948,766
143,972,710
143,1008,683
143,1030,688
143,1052,683
143,1089,707
143,1113,761
143,1091,808
143,1056,831
143,1030,835
143,1005,833
143,972,812
143,965,760
143,1009,715
143,1030,714
143,1052,715
143,1093,756
143,1054,792
143,1030,796
143,1007,793
143,992,643
143,1010,648
143,1029,651
143,1049,647
143,1069,642
144,811,762
144,837,820
144,872,871
144,921,911
144,976,944
144,1035,956
144,1096,939
144,1149,903
144,1200,861
144,1238,810
144,1264,751
144,948,763
144,967,707
144,1004,680
144,1026,683
144,1048,679
144,1086,702
144,1109,753
144,1090,804
144,1054,830
144,1029,835
144,1003,833
144,969,811
144,966,757
144,1005,709
144,1027,708
144,1049,708
144,1090,749
144,1051,789
144,1028,794
144,1004,792
144,991,644
144,1009,648
144,1028,650
144,1047,645
144,1065,640
145,809,755
145,834,815
145,869,867
145,917,908
145,972,942
145,1032,952
145,1092,936
145,1148,901
145,1200,860
145,1239,808
145,1264,748
145,952,767
145,972,713
145,1005,685
145,1026,688
145,1047,683
145,1084,707
145,1108,761
145,1087,807
145,1055,831
145,1030,835
145,1006,833
145,974,813
145,970,761
145,1006,714
145,1027,712
145,1048,712
145,1089,757
145,1052,790
145,1029,794
145,1006,793
145,988,642
145,1006,647
145,1026,650
145,1046,644
145,1067,638
146,805,757
146,831,815
146,866,864
146,914,905
146,970,940
146,1032,951
146,1091,934
146,1147,897
146,1197,855
146,1236,805
146,1263,747
146,952,762
146,971,707
146,1005,680
146,1025,683
146,1045,679
146,1080,704
146,1104,759
146,1082,802
146,1051,824
146,1028,828
146,1004,826
146,972,806
146,970,756
146,1006,711
146,1026,709
146,1046,710
146,1084,754
146,1048,782
146,1026,786
146,1005,784
146,989,644
146,1006,649
146,1025,652
146,1045,647
146,1065,641
147,806,749
147,831,806
147,865,855
147,915,896
147,971,930
147,1032,941
147,1093,926
147,1149,889
147,1201,847
147,1239,796
147,1264,739
147,955,761
147,975,709
147,1006,683
147,1026,688
147,1046,682
147,1079,706
147,1102,756
147,1081,788
147,1051,807
147,1029,811
147,1007,809
147,977,793
147,972,754
147,1008,715
147,1027,715
147,1046,715
147,1084,750
147,1048,767
147,1028,771
147,1007,769
147,988,643
147,1006,649
147,1027,653
147,1047,647
147,1067,640
148,807,746
148,829,803
148,863,852
148,914,892
148,974,924
148,1034,933
148,1092,918
148,1148,884
148,1199,843
148,1235,793
148,1259,737
148,958,761
148,979,710
148,1010,683
148,1028,689
148,1046,683
148,1077,709
148,1097,763
148,1075,786
148,1047,798
148,1028,801
148,1007,798
148,980,786
148,976,755
148,1010,719
148,1028,718
148,1046,720
148,1077,758
148,1046,756
148,1027,758
148,1009,756
148,994,643
148,1010,648
148,1028,652
148,1047,646
148,1064,639
149,808,742
149,829,799
149,864,847
149,916,886
149,974,916
149,1033,926
149,1092,913
149,1147,878
149,1199,837
149,1236,788
149,1261,732
149,955,762
149,979,715
149,1009,689
149,1027,693
149,1043,688
149,1072,710
149,1095,757
149,1072,779
149,1047,793
149,1028,796
149,1009,795
149,981,783
149,974,757
149,1011,722
149,1028,720
149,1043,720
149,1075,752
149,1044,756
149,1027,758
149,1010,758
149,990,643
149,1008,649
149,1028,653
149,1046,647
149,1065,638
150,801,731
150,822,788
150,857,838
150,910,879
150,972,911
150,1032,923
150,1090,908
150,1145,875
150,1196,834
150,1233,785
150,1259,729
150,954,754
150,979,709
150,1009,684
150,1027,687
150,1045,682
150,1075,705
150,1097,752
150,1076,774
150,1050,787
150,1030,790
150,1009,789
150,982,778
150,973,749
150,1010,717
150,1028,716
150,1046,716
150,1079,748
150,1048,748
150,1029,750
150,1010,750
150,992,643
150,1009,648
150,1028,652
150,1048,647
150,1067,640
151,808,737
151,830,792
151,866,840
151,918,877
151,979,907
151,1039,916
151,1099,902
151,1153,868
151,1203,829
151,1238,780
151,1259,723
151,958,752
151,982,709
151,1012,686
151,1029,691
151,1047,685
151,1078,707
151,1101,749
151,1079,768
151,1052,779
151,1033,782
151,1013,781
151,984,770
151,976,745
151,1013,715
151,1030,715
151,1047,714
151,1082,744
151,1050,740
151,1032,743
151,1014,742
151,988,641
151,1007,648
151,1028,654
151,1049,648
151,1069,641
152,804,736
152,826,791
152,860,839
152,912,876
152,974,906
152,1039,915
152,1102,901
152,1157,870
152,1205,830
152,1239,781
152,1259,725
152,952,750
152,977,705
152,1010,684
152,1031,687
152,1052,683
152,1083,703
152,1106,746
152,1084,765
152,1056,776
152,1033,779
152,1010,777
152,980,766
152,970,742
152,1011,713
152,1031,712
152,1052,712
152,1087,740
152,1054,740
152,1032,743
152,1011,741
152,987,640
152,1007,648
152,1030,653
152,1052,646
152,1074,638
153,804,739
153,827,797
153,864,845
153,919,880
153,979,910
153,1043,919
153,1107,904
153,1161,869
153,1211,830
153,1245,783
153,1267,727
153,950,745
153,977,701
153,1012,680
153,1033,683
153,1054,679
153,1089,698
153,1118,737
153,1091,765
153,1058,779
153,1035,781
153,1013,780
153,980,769
153,969,738
153,1013,706
153,1033,705
153,1054,704
153,1098,733
153,1056,747
153,1034,750
153,1013,749
153,988,637
153,1008,644
153,1030,650
153,1053,642
153,1074,634
154,805,736
154,827,794
154,864,843
154,918,879
154,978,908
154,1042,917
154,1104,903
154,1160,872
154,1212,836
154,1247,788
154,1268,730
154,949,746
154,976,699
154,1009,679
154,1030,682
154,1052,677
154,1088,695
154,1115,739
154,1090,767
154,1058,779
154,1035,782
154,1013,781
154,980,771
154,967,739
154,1011,705
154,1031,704
154,1052,703
154,1097,734
154,1055,751
154,1033,753
154,1012,752
154,986,637
154,1006,643
154,1027,649
154,1050,642
154,1072,633
155,809,748
155,834,804
155,872,850
155,927,885
155,985,912
155,1048,919
155,1107,904
155,1159,872
155,1208,834
155,1242,787
155,1264,731
155,948,744
155,975,699
155,1010,680
155,1032,684
155,1056,678
155,1092,696
155,1119,740
155,1093,769
155,1060,782
155,1035,784
155,1011,783
155,977,771
155,966,738
155,1011,704
155,1033,704
155,1056,703
155,1101,735
155,1058,755
155,1034,757
155,1011,756
155,987,637
155,1007,645
155,1029,651
155,1052,643
155,1075,634
156,802,735
156,824,793
156,860,842
156,915,880
156,979,909
156,1045,917
156,1107,902
156,1161,870
156,1211,831
156,1243,784
156,1265,727
156,948,744
156,975,700
156,1008,680
156,1031,682
156,1054,677
156,1090,694
156,1119,736
156,1094,767
156,1061,781
156,1036,784
156,1012,784
156,978,772
156,966,739
156,1010,707
156,1032,705
156,1055,704
156,1101,732
156,1059,751
156,1034,754
156,1012,753
156,987,637
156,1008,645
156,1030,651
156,1053,642
156,1076,633
157,804,739
157,825,796
157,861,843
157,915,880
157,976,907
157,1039,915
157,1101,901
157,1157,871
157,1207,835
157,1242,789
157,1263,733
157,944,743
157,972,701
157,1008,681
157,1030,684
157,1052,679
157,1090,695
157,1122,736
157,1094,765
157,1059,779
157,1034,782
157,1010,781
157,975,770
157,962,737
157,1009,706
157,1031,705
157,1053,704
157,1104,731
157,1057,752
157,1033,754
157,1010,753
157,984,638
157,1005,645
157,1028,651
157,1052,643
157,1076,635
158,805,739
158,829,798
158,868,846
158,924,882
158,985,911
158,1047,918
158,1108,904
158,1162,871
158,1214,834
158,1252,786
158,1276,729
158,946,740
158,972,699
158,1008,679
158,1030,683
158,1053,678
158,1092,694
158,1123,733
158,1094,765
158,1059,779
158,1034,781
158,1011,781
158,975,769
158,963,735
158,1010,705
158,1031,704
158,1054,703
158,1104,729
158,1057,751
158,1032,754
158,1010,753
158,987,635
158,1007,642
158,1029,648
158,1051,641
158,1074,632
159,801,740
159,825,796
159,863,844
159,920,881
159,980,909
159,1043,918
159,1104,905
159,1157,872
159,1206,834
159,1240,786
159,1262,730
159,947,744
159,974,701
159,1008,681
159,1032,685
159,1056,679
159,1093,696
159,1124,735
159,1096,767
159,1063,779
159,1037,782
159,1012,781
159,978,771
159,963,738
159,1010,705
159,1033,705
159,1057,703
159,1107,732
159,1061,753
159,1036,756
159,1012,755
159,987,637
159,1009,644
159,1032,650
159,1056,643
159,1079,635
160,806,746
160,830,802
160,868,848
160,923,883
160,984,909
160,1048,915
160,1107,900
160,1161,868
160,1210,830
160,1242,783
160,1264,725
160,945,744
160,973,700
160,1008,679
160,1030,682
160,1054,678
160,1092,696
160,1122,736
160,1094,765
160,1060,778
160,1035,781
160,1011,781
160,976,771
160,962,738
160,1010,708
160,1031,707
160,1055,706
160,1104,733
160,1057,749
160,1033,751
160,1010,751
160,984,638
160,1005,645
160,1029,652
160,1053,644
160,1076,635
161,805,740
161,828,797
161,866,844
161,921,879
161,982,908
161,1046,916
161,1107,901
161,1159,870
161,1209,833
161,1245,787
161,1268,732
161,947,744
161,976,702
161,1011,683
161,1033,686
161,1055,681
161,1091,697
161,1123,735
161,1093,763
161,1060,774
161,1036,778
161,1013,777
161,978,769
161,963,738
161,1012,707
161,1033,706
161,1056,705
161,1105,731
161,1058,747
161,1035,750
161,1013,749
161,988,638
161,1008,644
161,1031,650
161,1054,643
161,1076,635
162,806,743
162,828,800
162,866,847
162,921,881
162,984,908
162,1048,915
162,1108,899
162,1161,868
162,1211,832
162,1244,787
162,1264,732
162,944,746
162,971,700
162,1007,679
162,1028,683
162,1051,677
162,1091,694
162,1124,735
162,1095,764
162,1058,776
162,1033,780
162,1010,780
162,975,771
162,961,740
162,1009,707
162,1029,705
162,1053,703
162,1105,731
162,1056,749
162,1032,751
162,1010,752
162,985,636
162,1006,643
162,1029,649
162,1052,642
162,1075,633
163,802,736
163,823,792
163,859,840
163,913,876
163,975,904
163,1041,912
163,1104,899
163,1159,869
163,1209,832
163,1243,785
163,1266,729
163,946,744
163,974,701
163,1009,682
163,1033,686
163,1058,681
163,1093,698
163,1123,736
163,1095,761
163,1062,771
163,1035,774
163,1011,773
163,977,764
163,963,738
163,1010,708
163,1033,707
163,1058,707
163,1105,732
163,1061,744
163,1035,746
163,1011,745
163,986,637
163,1008,645
163,1032,651
163,1055,644
163,1078,635
164,803,740
164,828,798
164,866,845
164,922,879
164,983,907
164,1046,914
164,1108,901
164,1160,871
164,1210,836
164,1247,791
164,1270,734
164,945,743
164,973,700
164,1008,681
164,1031,685
164,1055,679
164,1092,695
164,1124,734
164,1095,761
164,1060,773
164,1035,777
164,1010,776
164,976,766
164,961,737
164,1009,707
164,1031,706
164,1056,704
164,1105,731
164,1058,747
164,1033,750
164,1010,750
164,986,636
164,1007,643
164,1030,649
164,1053,641
164,1076,633
165,801,744
165,828,801
165,867,847
165,923,882
165,984,908
165,1048,913
165,1108,900
165,1163,868
165,1213,831
165,1248,784
165,1271,727
165,946,742
165,974,700
165,1009,681
165,1032,683
165,1055,679
165,1093,695
165,1123,732
165,1095,760
165,1062,773
165,1037,777
165,1013,777
165,978,767
165,960,736
165,1011,707
165,1033,706
165,1056,704
165,1106,728
165,1059,748
165,1035,751
165,1012,751
165,987,637
165,1008,644
165,1032,649
165,1055,642
165,1077,633
166,802,742
166,825,799
166,864,846
166,920,880
166,983,908
166,1048,916
166,1109,901
166,1164,870
166,1215,834
166,1251,788
166,1271,731
166,948,746
166,976,701
166,1010,680
166,1032,683
166,1054,678
166,1091,695
166,1123,735
166,1095,760
166,1061,773
166,1037,776
166,1013,776
166,979,768
166,965,739
166,1011,707
166,1033,705
166,1055,704
166,1105,731
166,1058,745
166,1035,749
166,1012,749
166,987,637
166,1008,644
166,1030,649
166,1053,642
166,1075,634
167,806,743
167,831,799
167,869,845
167,923,880
167,983,909
167,1046,916
167,1106,902
167,1162,870
167,1213,834
167,1249,786
167,1269,729
167,946,744
167,971,701
167,1006,681
167,1030,684
167,1054,679
167,1091,695
167,1123,734
167,1094,761
167,1060,774
167,1035,778
167,1009,777
167,976,768
167,962,738
167,1007,708
167,1031,706
167,1055,705
167,1106,730
167,1058,747
167,1033,750
167,1008,749
167,985,637
167,1005,645
167,1029,651
167,1052,642
167,1075,633
168,806,750
168,831,804
168,868,848
168,922,881
168,981,907
168,1045,913
168,1106,899
168,1162,869
168,1213,834
168,1248,789
168,1270,735
168,945,745
168,973,700
168,1007,680
168,1031,683
168,1055,678
168,1092,695
168,1124,736
168,1094,762
168,1059,773
168,1033,776
168,1008,775
168,975,768
168,962,740
168,1008,709
168,1031,708
168,1055,707
168,1107,732
168,1057,745
168,1032,747
168,1008,747
168,983,637
168,1004,645
168,1028,651
168,1052,642
168,1076,633
169,804,740
169,826,795
169,862,841
169,915,877
169,977,905
169,1042,913
169,1104,900
169,1160,869
169,1211,834
169,1247,789
169,1268,734
169,945,745
169,972,701
169,1006,680
169,1028,683
169,1050,677
169,1088,695
169,1121,735
169,1090,762
169,1056,774
169,1032,777
169,1008,776
169,975,767
169,962,740
169,1008,709
169,1029,707
169,1051,706
169,1102,732
169,1053,746
169,1030,748
169,1008,748
169,985,637
169,1006,645
169,1028,650
169,1051,642
169,1074,632
170,805,738
170,827,795
170,864,842
170,919,876
170,980,905
170,1046,912
170,1110,898
170,1165,867
170,1216,831
170,1249,784
170,1268,728
170,945,740
170,972,702
170,1006,683
170,1030,686
170,1053,681
170,1091,696
170,1124,734
170,1093,759
170,1058,769
170,1034,771
170,1009,771
170,975,763
170,960,735
170,1007,709
170,1031,708
170,1054,707
170,1107,730
170,1056,743
170,1032,745
170,1008,745
170,985,638
170,1006,645
170,1028,650
170,1052,642
170,1075,633
171,806,741
171,828,797
171,867,844
171,923,880
171,985,907
171,1050,912
171,1111,897
171,1165,865
171,1216,828
171,1250,781
171,1269,725
171,947,744
171,975,701
171,1011,683
171,1034,686
171,1058,681
171,1094,696
171,1126,733
171,1096,757
171,1063,771
171,1038,775
171,1013,774
171,978,766
171,963,738
171,1012,710
171,1035,708
171,1059,707
171,1109,729
171,1061,743
171,1036,747
171,1013,747
171,988,637
171,1010,644
171,1033,650
171,1057,642
171,1080,633
172,807,745
172,830,801
172,868,846
172,922,879
172,986,905
172,1051,911
172,1113,895
172,1169,862
172,1220,825
172,1255,779
172,1275,722
172,947,745
172,976,701
172,1012,682
172,1033,686
172,1056,680
172,1092,697
172,1125,734
172,1094,757
172,1060,768
172,1037,772
172,1014,772
172,978,764
172,963,739
172,1013,709
172,1034,708
172,1056,706
172,1108,730
172,1059,742
172,1036,746
172,1014,746
172,990,636
172,1011,644
172,1034,650
172,1057,642
172,1079,633
173,806,742
173,827,797
173,865,843
173,920,876
173,982,904
173,1049,911
173,1112,896
173,1169,864
173,1221,829
173,1254,784
173,1271,728
173,945,744
173,972,701
173,1007,681
173,1030,684
173,1054,679
173,1093,696
173,1127,734
173,1096,755
173,1062,766
173,1037,769
173,1012,769
173,978,762
173,963,738
173,1009,711
173,1032,709
173,1056,708
173,1108,731
173,1059,739
173,1034,741
173,1011,742
173,986,638
173,1008,645
173,1031,651
173,1054,643
173,1077,635
174,804,735
174,826,792
174,863,840
174,918,874
174,980,903
174,1046,909
174,1109,896
174,1165,864
174,1217,828
174,1253,782
174,1274,725
174,947,743
174,977,701
174,1013,682
174,1036,686
174,1060,680
174,1095,696
174,1127,732
174,1096,756
174,1063,767
174,1038,771
174,1014,770
174,980,763
174,965,737
174,1014,708
174,1036,707
174,1060,706
174,1109,729
174,1062,741
174,1037,745
174,1014,744
174,988,636
174,1009,643
174,1033,649
174,1056,641
174,1079,632
175,807,746
175,830,802
175,868,846
175,923,879
175,985,905
175,1050,911
175,1111,894
175,1165,863
175,1216,828
175,1249,782
175,1267,727
175,946,743
175,973,700
175,1006,681
175,1030,684
175,1054,678
175,1091,694
175,1125,733
175,1094,753
175,1061,764
175,1037,768
175,1012,767
175,978,761
175,964,737
175,1008,708
175,1032,706
175,1055,705
175,1108,730
175,1058,737
175,1034,739
175,1010,740
175,985,637
175,1006,645
175,1030,651
175,1053,643
175,1076,633
176,802,735
176,825,791
176,862,838
176,916,872
176,976,900
176,1042,907
176,1104,893
176,1160,862
176,1213,826
176,1249,778
176,1269,722
176,943,740
176,971,698
176,1006,680
176,1029,684
176,1053,679
176,1091,695
176,1125,733
176,1093,756
176,1058,768
176,1033,771
176,1008,771
176,974,762
176,960,734
176,1007,707
176,1030,706
176,1054,705
176,1109,729
176,1056,740
176,1031,743
176,1008,742
176,985,636
176,1006,644
176,1030,649
176,1054,642
176,1077,634
177,803,742
177,826,798
177,863,844
177,919,877
177,982,903
177,1046,909
177,1109,894
177,1165,862
177,1216,826
177,1251,781
177,1271,725
177,943,739
177,972,701
177,1006,683
177,1030,686
177,1052,680
177,1090,694
177,1125,730
177,1093,753
177,1058,765
177,1034,768
177,1009,768
177,975,761
177,957,733
177,1008,706
177,1031,705
177,1054,703
177,1108,727
177,1056,740
177,1032,743
177,1009,743
177,985,636
177,1006,643
177,1029,649
177,1053,641
177,1077,632
178,803,742
178,827,798
178,866,842
178,922,875
178,982,902
178,1046,909
178,1108,894
178,1164,861
178,1218,827
178,1257,782
178,1280,727
178,945,741
178,973,700
178,1007,679
178,1029,683
178,1051,677
178,1089,694
178,1125,732
178,1091,753
178,1057,763
178,1033,767
178,1010,766
178,977,759
178,962,735
178,1009,707
178,1030,705
178,1053,704
178,1107,728
178,1055,738
178,1031,740
178,1009,741
178,984,638
178,1005,646
178,1028,651
178,1052,643
178,1075,634
179,805,735
179,826,793
179,863,840
179,917,874
179,978,903
179,1042,910
179,1106,894
179,1164,862
179,1218,827
179,1257,783
179,1281,728
179,945,740
179,973,699
179,1007,679
179,1029,683
179,1051,677
179,1089,695
179,1124,732
179,1090,754
179,1056,766
179,1032,770
179,1009,770
179,975,762
179,962,733
179,1009,706
179,1030,705
179,1052,703
179,1105,729
179,1053,739
179,1030,742
179,1008,742
179,984,635
179,1005,644
179,1028,650
179,1052,642
179,1076,633
180,806,751
180,832,805
180,870,847
180,924,877
180,984,901
180,1048,905
180,1109,890
180,1163,860
180,1212,825
180,1247,780
180,1268,725
180,945,741
180,974,699
180,1008,680
180,1030,684
180,1053,678
180,1090,695
180,1125,731
180,1092,753
180,1059,764
180,1035,767
180,1011,767
180,977,760
180,962,735
180,1010,708
180,1031,706
180,1055,706
180,1106,728
180,1057,737
180,1033,741
180,1010,741
180,986,636
180,1007,643
180,1029,649
180,1053,642
180,1075,633
181,802,744
181,826,800
181,864,844
181,919,875
181,980,902
181,1043,908
181,1104,895
181,1158,865
181,1208,830
181,1243,783
181,1263,727
181,944,744
181,973,701
181,1008,681
181,1031,684
181,1053,678
181,1090,695
181,1124,733
181,1093,754
181,1058,766
181,1034,768
181,1010,768
181,976,760
181,962,737
181,1009,708
181,1031,706
181,1054,705
181,1106,730
181,1056,738
181,1033,740
181,1010,740
181,986,637
181,1006,644
181,1028,649
181,1052,641
181,1074,632
182,803,743
182,826,798
182,864,842
182,917,874
182,978,901
182,1041,908
182,1102,895
182,1157,864
182,1207,829
182,1241,783
182,1261,727
182,944,742
182,972,700
182,1007,681
182,1029,685
182,1053,679
182,1090,695
182,1124,731
182,1092,754
182,1058,765
182,1034,768
182,1011,767
182,976,761
182,961,736
182,1009,708
182,1030,706
182,1054,705
182,1106,728
182,1056,737
182,1032,740
182,1010,740
182,984,635
182,1005,643
182,1028,649
182,1052,641
182,1075,633
183,804,742
183,827,798
183,866,844
183,922,875
183,982,900
183,1046,906
183,1110,892
183,1168,862
183,1224,828
183,1264,784
183,1288,728
183,944,741
183,971,701
183,1005,682
183,1026,684
183,1048,678
183,1087,695
183,1124,732
183,1090,755
183,1055,766
183,1032,769
183,1009,769
183,976,762
183,960,735
183,1008,708
183,1028,706
183,1049,705
183,1105,728
183,1052,738
183,1030,741
183,1008,741
183,984,637
183,1003,645
183,1026,650
183,1050,642
183,1074,633
184,805,745
184,828,800
184,865,844
184,920,875
184,980,900
184,1045,906
184,1108,891
184,1163,858
184,1215,825
184,1250,781
184,1269,725
184,944,739
184,974,699
184,1008,680
184,1030,684
184,1052,679
184,1090,696
184,1125,731
184,1092,753
184,1058,763
184,1034,765
184,1010,766
184,977,758
184,960,733
184,1009,706
184,1031,705
184,1054,704
184,1107,728
184,1055,736
184,1032,739
184,1009,738
184,985,635
184,1005,642
184,1029,649
184,1053,640
184,1077,630
185,800,740
185,824,794
185,861,839
185,916,872
185,976,900
185,1039,906
185,1099,894
185,1155,865
185,1210,832
185,1248,789
185,1272,735
185,943,742
185,972,699
185,1006,681
185,1030,685
185,1052,679
185,1090,694
185,1124,733
185,1091,754
185,1057,766
185,1032,769
185,1009,769
185,975,762
185,959,736
185,1008,708
185,1030,708
185,1053,706
185,1107,729
185,1054,739
185,1031,742
185,1008,742
185,986,636
185,1006,644
185,1028,650
185,1051,642
185,1074,633
186,802,746
186,824,801
186,862,845
186,917,876
186,980,903
186,1043,909
186,1103,894
186,1157,863
186,1208,828
186,1245,783
186,1265,727
186,945,742
186,977,700
186,1011,679
186,1032,681
186,1055,677
186,1092,694
186,1126,731
186,1094,754
186,1060,766
186,1036,769
186,1014,770
186,980,763
186,963,736
186,1013,707
186,1033,705
186,1056,705
186,1107,728
186,1058,738
186,1034,740
186,1013,741
186,988,636
186,1009,643
186,1032,648
186,1054,640
186,1077,633
187,803,743
187,827,799
187,864,843
187,919,875
187,980,901
187,1047,906
187,1110,891
187,1165,859
187,1217,824
187,1252,777
187,1271,720
187,947,741
187,976,699
187,1010,682
187,1034,687
187,1057,680
187,1094,695
187,1126,732
187,1095,752
187,1062,762
187,1037,764
187,1012,764
187,979,758
187,963,734
187,1011,707
187,1035,707
187,1059,705
187,1108,728
187,1060,736
187,1035,739
187,1012,739
187,985,635
187,1007,642
187,1031,648
187,1054,640
187,1078,631
188,807,743
188,831,799
188,869,843
188,922,875
188,981,900
188,1046,904
188,1108,889
188,1162,857
188,1213,822
188,1248,776
188,1269,720
188,944,741
188,970,700
188,1003,681
188,1027,683
188,1050,678
188,1088,693
188,1122,730
188,1090,751
188,1057,762
188,1032,765
188,1008,765
188,975,760
188,960,735
188,1005,708
188,1028,706
188,1051,705
188,1105,727
188,1054,735
188,1030,737
188,1007,738
188,983,635
188,1005,643
188,1028,648
188,1050,640
188,1073,630
